program_id,sample_id,run_id,total_time_ns,mem_allocs_count,mem_allocs_bytes
STOP_0,0,1,4049,19,1734
STOP_5,0,1,3972,19,1959
STOP_10,0,1,3844,19,1949
STOP_15,0,1,4395,19,1966
STOP_20,0,1,2856,19,1975
STOP_25,0,1,3259,19,1968
STOP_30,0,1,3704,19,1974
STOP_35,0,1,3397,19,1959
STOP_40,0,1,3593,19,1973
STOP_45,0,1,3428,19,1942
STOP_50,0,1,3140,19,1947
ADD_0,0,1,8093,19,1955
ADD_5,0,1,7982,19,1968
ADD_10,0,1,7816,19,1955
ADD_15,0,1,7406,19,1957
ADD_20,0,1,9069,19,1942
ADD_25,0,1,9349,19,1967
ADD_30,0,1,9363,19,1962
ADD_35,0,1,8758,19,1966
ADD_40,0,1,9073,19,1941
ADD_45,0,1,12317,19,1955
ADD_50,0,1,13034,19,1968
MUL_0,0,1,7774,19,1966
MUL_5,0,1,7934,19,1956
MUL_10,0,1,8979,19,1969
MUL_15,0,1,8406,19,1956
MUL_20,0,1,7978,19,1970
MUL_25,0,1,7487,19,1969
MUL_30,0,1,8399,19,1958
MUL_35,0,1,7796,19,1958
MUL_40,0,1,8210,19,1955
MUL_45,0,1,8318,19,1957
MUL_50,0,1,8275,19,1951
SUB_0,0,1,7460,19,1968
SUB_5,0,1,7235,19,1944
SUB_10,0,1,7754,19,1941
SUB_15,0,1,9241,19,1967
SUB_20,0,1,9115,19,1969
SUB_25,0,1,9038,19,1971
SUB_30,0,1,10263,19,1951
SUB_35,0,1,8251,19,1949
SUB_40,0,1,8887,19,1947
SUB_45,0,1,10001,19,1963
SUB_50,0,1,8569,19,1967
DIV_0,0,1,7682,19,1954
DIV_5,0,1,7868,19,1952
DIV_10,0,1,8106,19,1954
DIV_15,0,1,8048,19,1950
DIV_20,0,1,7842,19,1950
DIV_25,0,1,8709,19,1955
DIV_30,0,1,8180,19,1954
DIV_35,0,1,8048,19,1948
DIV_40,0,1,8105,19,1954
DIV_45,0,1,8645,19,1963
DIV_50,0,1,8647,19,1961
SDIV_0,0,1,8020,19,1982
SDIV_5,0,1,7823,19,1946
SDIV_10,0,1,8036,19,1965
SDIV_15,0,1,7929,19,1947
SDIV_20,0,1,8276,19,1970
SDIV_25,0,1,10453,19,1961
SDIV_30,0,1,8225,19,1958
SDIV_35,0,1,8160,19,1964
SDIV_40,0,1,9957,19,1959
SDIV_45,0,1,8536,19,1943
SDIV_50,0,1,8870,19,1958
MOD_0,0,1,7295,19,1944
MOD_5,0,1,8251,19,1946
MOD_10,0,1,7972,19,1950
MOD_15,0,1,8396,19,1960
MOD_20,0,1,7746,19,1942
MOD_25,0,1,8191,19,1970
MOD_30,0,1,8682,19,1954
MOD_35,0,1,8725,19,1966
MOD_40,0,1,8841,19,1954
MOD_45,0,1,9305,19,1969
MOD_50,0,1,8016,19,1948
SMOD_0,0,1,7333,19,1944
SMOD_5,0,1,7581,19,1954
SMOD_10,0,1,7966,19,1958
SMOD_15,0,1,7874,19,1944
SMOD_20,0,1,7945,19,1945
SMOD_25,0,1,7958,19,1943
SMOD_30,0,1,7789,19,1944
SMOD_35,0,1,7892,19,1970
SMOD_40,0,1,7931,19,1964
SMOD_45,0,1,7792,19,1951
SMOD_50,0,1,7928,19,1950
ADDMOD_0,0,1,7225,19,1962
ADDMOD_5,0,1,7704,19,1942
ADDMOD_10,0,1,7273,19,1980
ADDMOD_15,0,1,7492,19,1949
ADDMOD_20,0,1,7740,19,1944
ADDMOD_25,0,1,8068,19,1956
ADDMOD_30,0,1,7914,19,1965
ADDMOD_35,0,1,8389,19,1959
ADDMOD_40,0,1,8779,19,1962
ADDMOD_45,0,1,9411,19,1970
ADDMOD_50,0,1,9268,19,1973
MULMOD_0,0,1,6765,19,1974
MULMOD_5,0,1,7510,19,1977
MULMOD_10,0,1,7833,19,1964
MULMOD_15,0,1,8263,19,1955
MULMOD_20,0,1,8125,19,1947
MULMOD_25,0,1,8339,19,1954
MULMOD_30,0,1,8700,19,1971
MULMOD_35,0,1,9163,19,1977
MULMOD_40,0,1,9372,19,1962
MULMOD_45,0,1,9570,19,1967
MULMOD_50,0,1,9448,19,1964
EXP_0,0,1,6870,19,1976
EXP_5,0,1,8822,19,1955
EXP_10,0,1,9258,19,1960
EXP_15,0,1,10684,19,1951
EXP_20,0,1,12795,19,1962
EXP_25,0,1,12499,19,1963
EXP_30,0,1,13641,19,1953
EXP_35,0,1,14714,19,1957
EXP_40,0,1,15108,19,1950
EXP_45,0,1,16707,19,1948
EXP_50,0,1,18401,19,1954
SIGNEXTEND_0,0,1,7831,19,1953
SIGNEXTEND_5,0,1,7970,19,1966
SIGNEXTEND_10,0,1,7899,19,1952
SIGNEXTEND_15,0,1,8493,19,1964
SIGNEXTEND_20,0,1,8700,19,1976
SIGNEXTEND_25,0,1,9049,19,1953
SIGNEXTEND_30,0,1,7817,19,1969
SIGNEXTEND_35,0,1,7259,19,1943
SIGNEXTEND_40,0,1,7739,19,1966
SIGNEXTEND_45,0,1,7957,19,1960
SIGNEXTEND_50,0,1,8114,19,1947
LT_0,0,1,10504,19,1943
LT_5,0,1,7293,19,1963
LT_10,0,1,7158,19,1958
LT_15,0,1,7775,19,1941
LT_20,0,1,7808,19,1981
LT_25,0,1,8413,19,1960
LT_30,0,1,9500,19,1946
LT_35,0,1,8386,19,1955
LT_40,0,1,8490,19,1959
LT_45,0,1,8154,19,1946
LT_50,0,1,8772,19,1964
GT_0,0,1,7487,19,1947
GT_5,0,1,7608,19,1968
GT_10,0,1,8015,19,1953
GT_15,0,1,8200,19,1949
GT_20,0,1,8140,19,1951
GT_25,0,1,8371,19,1954
GT_30,0,1,8295,19,1952
GT_35,0,1,7597,19,1947
GT_40,0,1,8106,19,1948
GT_45,0,1,8299,19,1944
GT_50,0,1,7884,19,1948
SLT_0,0,1,7378,19,1976
SLT_5,0,1,7552,19,1975
SLT_10,0,1,7118,19,1979
SLT_15,0,1,7836,19,1981
SLT_20,0,1,7390,19,1976
SLT_25,0,1,7890,19,1946
SLT_30,0,1,8153,19,1964
SLT_35,0,1,7785,19,1949
SLT_40,0,1,7998,19,1952
SLT_45,0,1,8026,19,1947
SLT_50,0,1,8203,19,1965
SGT_0,0,1,7646,19,1959
SGT_5,0,1,7345,19,1963
SGT_10,0,1,7696,19,1976
SGT_15,0,1,8394,19,1963
SGT_20,0,1,8144,19,1958
SGT_25,0,1,8919,19,1966
SGT_30,0,1,8521,19,1978
SGT_35,0,1,8141,19,1966
SGT_40,0,1,7957,19,1949
SGT_45,0,1,8718,19,1952
SGT_50,0,1,8942,19,1956
EQ_0,0,1,8535,19,1969
EQ_5,0,1,8250,19,1976
EQ_10,0,1,8203,19,1961
EQ_15,0,1,7749,19,1963
EQ_20,0,1,7824,19,1981
EQ_25,0,1,7460,19,1941
EQ_30,0,1,7562,19,1964
EQ_35,0,1,8437,19,1961
EQ_40,0,1,7557,19,1950
EQ_45,0,1,8822,19,1949
EQ_50,0,1,7582,19,1971
ISZERO_0,0,1,8306,19,1966
ISZERO_5,0,1,12618,19,1954
ISZERO_10,0,1,8938,19,1963
ISZERO_15,0,1,7779,19,1977
ISZERO_20,0,1,8508,19,1960
ISZERO_25,0,1,8366,19,1963
ISZERO_30,0,1,9140,19,1972
ISZERO_35,0,1,8552,19,1959
ISZERO_40,0,1,8278,19,1959
ISZERO_45,0,1,7651,19,1964
ISZERO_50,0,1,8620,19,1969
AND_0,0,1,7575,19,1974
AND_5,0,1,7681,19,1947
AND_10,0,1,7806,19,1950
AND_15,0,1,8156,19,1955
AND_20,0,1,8646,19,1956
AND_25,0,1,8036,19,1968
AND_30,0,1,8526,19,1962
AND_35,0,1,8829,19,1969
AND_40,0,1,7876,19,1950
AND_45,0,1,8510,19,1954
AND_50,0,1,9568,19,1954
OR_0,0,1,7757,19,1950
OR_5,0,1,9290,19,1946
OR_10,0,1,7822,19,1968
OR_15,0,1,8685,19,1957
OR_20,0,1,7643,19,1963
OR_25,0,1,7923,19,1982
OR_30,0,1,7754,19,1951
OR_35,0,1,7663,19,1946
OR_40,0,1,8571,19,1943
OR_45,0,1,9529,19,1949
OR_50,0,1,7892,19,1968
XOR_0,0,1,7169,19,1954
XOR_5,0,1,6922,19,1978
XOR_10,0,1,7864,19,1975
XOR_15,0,1,8665,19,1961
XOR_20,0,1,7500,19,1969
XOR_25,0,1,7665,19,1977
XOR_30,0,1,7857,19,1969
XOR_35,0,1,7980,19,1968
XOR_40,0,1,7990,19,1953
XOR_45,0,1,9591,19,1946
XOR_50,0,1,8277,19,1957
NOT_0,0,1,7153,19,1971
NOT_5,0,1,7113,19,1964
NOT_10,0,1,7370,19,1969
NOT_15,0,1,7386,19,1975
NOT_20,0,1,7375,19,1942
NOT_25,0,1,8448,19,1977
NOT_30,0,1,8760,19,1964
NOT_35,0,1,8064,19,1959
NOT_40,0,1,8296,19,1965
NOT_45,0,1,7922,19,1950
NOT_50,0,1,8111,19,1963
BYTE_0,0,1,7690,19,1966
BYTE_5,0,1,7849,19,1959
BYTE_10,0,1,7714,19,1957
BYTE_15,0,1,7332,19,1944
BYTE_20,0,1,7633,19,1951
BYTE_25,0,1,7752,19,1978
BYTE_30,0,1,7717,19,1944
BYTE_35,0,1,8111,19,1976
BYTE_40,0,1,7904,19,1953
BYTE_45,0,1,8148,19,1941
BYTE_50,0,1,7790,19,1964
SHL_0,0,1,7306,19,1964
SHL_5,0,1,7614,19,1945
SHL_10,0,1,7525,19,1950
SHL_15,0,1,7476,19,1970
SHL_20,0,1,7273,19,1957
SHL_25,0,1,7680,19,1945
SHL_30,0,1,7704,19,1969
SHL_35,0,1,7693,19,1966
SHL_40,0,1,7839,19,1982
SHL_45,0,1,8234,19,1966
SHL_50,0,1,8395,19,1960
SHR_0,0,1,7564,19,1951
SHR_5,0,1,7497,19,1962
SHR_10,0,1,7987,19,1962
SHR_15,0,1,7962,19,1970
SHR_20,0,1,8044,19,1956
SHR_25,0,1,7932,19,1947
SHR_30,0,1,7506,19,1944
SHR_35,0,1,7652,19,1966
SHR_40,0,1,8206,19,1948
SHR_45,0,1,8335,19,1949
SHR_50,0,1,8853,19,1946
SAR_0,0,1,7259,19,1965
SAR_5,0,1,8257,19,1966
SAR_10,0,1,7906,19,1979
SAR_15,0,1,7961,19,1943
SAR_20,0,1,8164,19,1945
SAR_25,0,1,8417,19,1951
SAR_30,0,1,7889,19,1971
SAR_35,0,1,8459,19,1948
SAR_40,0,1,8131,19,1949
SAR_45,0,1,8342,19,1952
SAR_50,0,1,7996,19,1957
SHA3_0,0,1,21026,19,1959
SHA3_5,0,1,26919,20,2370
SHA3_10,0,1,32322,20,2382
SHA3_15,0,1,36288,20,2370
SHA3_20,0,1,41321,20,2386
SHA3_25,0,1,47454,20,2364
SHA3_30,0,1,49957,20,2373
SHA3_35,0,1,55597,20,2380
SHA3_40,0,1,60069,20,2361
SHA3_45,0,1,66005,20,2364
SHA3_50,0,1,71195,20,2370
ADDRESS_0,0,1,4724,19,1955
ADDRESS_5,0,1,8452,19,1944
ADDRESS_10,0,1,5305,19,1947
ADDRESS_15,0,1,5153,19,1962
ADDRESS_20,0,1,4940,19,1946
ADDRESS_25,0,1,5159,19,1951
ADDRESS_30,0,1,5453,19,1963
ADDRESS_35,0,1,5301,19,1960
ADDRESS_40,0,1,6248,19,1954
ADDRESS_45,0,1,5563,19,1956
ADDRESS_50,0,1,5859,19,1973
ORIGIN_0,0,1,4539,19,1978
ORIGIN_5,0,1,4559,19,1960
ORIGIN_10,0,1,5191,19,1957
ORIGIN_15,0,1,5241,19,1951
ORIGIN_20,0,1,5174,19,1963
ORIGIN_25,0,1,5729,19,1965
ORIGIN_30,0,1,5869,19,1964
ORIGIN_35,0,1,8459,19,1965
ORIGIN_40,0,1,5376,19,1965
ORIGIN_45,0,1,5663,19,1970
ORIGIN_50,0,1,5404,19,1950
CALLER_0,0,1,6524,19,1973
CALLER_5,0,1,5395,19,1945
CALLER_10,0,1,4670,19,1957
CALLER_15,0,1,5402,19,1956
CALLER_20,0,1,5250,19,1969
CALLER_25,0,1,5428,19,1963
CALLER_30,0,1,6014,19,1967
CALLER_35,0,1,5470,19,1967
CALLER_40,0,1,5375,19,1952
CALLER_45,0,1,6704,19,1949
CALLER_50,0,1,6000,19,1968
CALLVALUE_0,0,1,5111,19,1941
CALLVALUE_5,0,1,5108,19,1960
CALLVALUE_10,0,1,4831,19,1960
CALLVALUE_15,0,1,4990,19,1950
CALLVALUE_20,0,1,4865,19,1954
CALLVALUE_25,0,1,5515,19,1943
CALLVALUE_30,0,1,5452,19,1960
CALLVALUE_35,0,1,5138,19,1959
CALLVALUE_40,0,1,9385,19,1965
CALLVALUE_45,0,1,5467,19,1961
CALLVALUE_50,0,1,5515,19,1960
CALLDATALOAD_0,0,1,20825,19,1968
CALLDATALOAD_5,0,1,20994,24,2107
CALLDATALOAD_10,0,1,21617,29,2289
CALLDATALOAD_15,0,1,22259,34,2449
CALLDATALOAD_20,0,1,22799,39,2605
CALLDATALOAD_25,0,1,21958,44,2758
CALLDATALOAD_30,0,1,21826,49,2906
CALLDATALOAD_35,0,1,23115,54,3070
CALLDATALOAD_40,0,1,23317,59,3251
CALLDATALOAD_45,0,1,23967,64,3388
CALLDATALOAD_50,0,1,24416,69,3556
CALLDATASIZE_0,0,1,4822,19,1966
CALLDATASIZE_5,0,1,4981,19,1939
CALLDATASIZE_10,0,1,5088,19,1956
CALLDATASIZE_15,0,1,5936,19,1964
CALLDATASIZE_20,0,1,4489,19,1945
CALLDATASIZE_25,0,1,5212,19,1957
CALLDATASIZE_30,0,1,4919,19,1947
CALLDATASIZE_35,0,1,5011,19,1970
CALLDATASIZE_40,0,1,5063,19,1958
CALLDATASIZE_45,0,1,5525,19,1955
CALLDATASIZE_50,0,1,5217,19,1967
CALLDATACOPY_0,0,1,19828,19,1962
CALLDATACOPY_5,0,1,20858,24,3241
CALLDATACOPY_10,0,1,22427,29,4525
CALLDATACOPY_15,0,1,22387,34,5787
CALLDATACOPY_20,0,1,23442,39,7093
CALLDATACOPY_25,0,1,25124,44,8353
CALLDATACOPY_30,0,1,26299,49,9638
CALLDATACOPY_35,0,1,28228,54,10920
CALLDATACOPY_40,0,1,28058,59,12209
CALLDATACOPY_45,0,1,30117,64,13492
CALLDATACOPY_50,0,1,35145,69,14773
CODESIZE_0,0,1,5534,19,1960
CODESIZE_5,0,1,4987,19,1954
CODESIZE_10,0,1,5578,19,1968
CODESIZE_15,0,1,5078,19,1943
CODESIZE_20,0,1,4753,19,1949
CODESIZE_25,0,1,5071,19,1963
CODESIZE_30,0,1,5687,19,1969
CODESIZE_35,0,1,5253,19,1957
CODESIZE_40,0,1,5671,19,1966
CODESIZE_45,0,1,5271,19,1979
CODESIZE_50,0,1,5762,19,1969
CODECOPY_0,0,1,20656,19,1957
CODECOPY_5,0,1,20176,19,1949
CODECOPY_10,0,1,21706,19,1958
CODECOPY_15,0,1,20940,19,1959
CODECOPY_20,0,1,20879,19,1954
CODECOPY_25,0,1,21307,19,1955
CODECOPY_30,0,1,21323,19,1966
CODECOPY_35,0,1,21969,19,1966
CODECOPY_40,0,1,22034,19,1962
CODECOPY_45,0,1,23893,19,1958
CODECOPY_50,0,1,22887,19,1956
GASPRICE_0,0,1,5299,19,1950
GASPRICE_5,0,1,6376,19,1965
GASPRICE_10,0,1,5716,19,1973
GASPRICE_15,0,1,4825,19,1953
GASPRICE_20,0,1,5730,19,1967
GASPRICE_25,0,1,5171,19,1949
GASPRICE_30,0,1,5637,19,1948
GASPRICE_35,0,1,5286,19,1948
GASPRICE_40,0,1,4660,19,1950
GASPRICE_45,0,1,5403,19,1964
GASPRICE_50,0,1,5526,19,1963
RETURNDATASIZE_0,0,1,4540,19,1967
RETURNDATASIZE_5,0,1,4962,19,1953
RETURNDATASIZE_10,0,1,4802,19,1959
RETURNDATASIZE_15,0,1,5048,19,1952
RETURNDATASIZE_20,0,1,5148,19,1944
RETURNDATASIZE_25,0,1,4988,19,1947
RETURNDATASIZE_30,0,1,5540,19,1958
RETURNDATASIZE_35,0,1,5426,19,1979
RETURNDATASIZE_40,0,1,5523,19,1961
RETURNDATASIZE_45,0,1,5379,19,1966
RETURNDATASIZE_50,0,1,5455,19,1971
RETURNDATACOPY_0,0,1,42491,23,34971
RETURNDATACOPY_5,0,1,133971,23,34964
RETURNDATACOPY_10,0,1,35785,23,34993
RETURNDATACOPY_15,0,1,34205,23,34921
RETURNDATACOPY_20,0,1,37530,23,35030
RETURNDATACOPY_25,0,1,34999,23,35014
RETURNDATACOPY_30,0,1,35254,23,34995
RETURNDATACOPY_35,0,1,37431,23,35009
RETURNDATACOPY_40,0,1,37711,23,34959
RETURNDATACOPY_45,0,1,35938,23,35004
RETURNDATACOPY_50,0,1,36561,23,35015
COINBASE_0,0,1,5548,19,1973
COINBASE_5,0,1,4551,19,1940
COINBASE_10,0,1,4507,19,1945
COINBASE_15,0,1,4782,19,1959
COINBASE_20,0,1,5309,19,1943
COINBASE_25,0,1,5324,19,1967
COINBASE_30,0,1,4745,19,1968
COINBASE_35,0,1,5394,19,1979
COINBASE_40,0,1,5330,19,1951
COINBASE_45,0,1,5311,19,1953
COINBASE_50,0,1,5663,19,1965
TIMESTAMP_0,0,1,5172,19,1941
TIMESTAMP_5,0,1,4871,19,1947
TIMESTAMP_10,0,1,5174,19,1954
TIMESTAMP_15,0,1,4834,19,1953
TIMESTAMP_20,0,1,4945,19,1943
TIMESTAMP_25,0,1,4630,19,1943
TIMESTAMP_30,0,1,5181,19,1948
TIMESTAMP_35,0,1,5535,19,1956
TIMESTAMP_40,0,1,5036,19,1963
TIMESTAMP_45,0,1,5521,19,1964
TIMESTAMP_50,0,1,5469,19,1962
NUMBER_0,0,1,4535,19,1975
NUMBER_5,0,1,5061,19,1977
NUMBER_10,0,1,5145,19,1967
NUMBER_15,0,1,5277,19,1961
NUMBER_20,0,1,5104,19,1945
NUMBER_25,0,1,5267,19,1958
NUMBER_30,0,1,5517,19,1940
NUMBER_35,0,1,5162,19,1946
NUMBER_40,0,1,5665,19,1962
NUMBER_45,0,1,5532,19,1968
NUMBER_50,0,1,5739,19,1967
DIFFICULTY_0,0,1,4924,19,1976
DIFFICULTY_5,0,1,5117,19,1958
DIFFICULTY_10,0,1,4291,19,1959
DIFFICULTY_15,0,1,5026,19,1960
DIFFICULTY_20,0,1,4979,19,1940
DIFFICULTY_25,0,1,5876,19,1943
DIFFICULTY_30,0,1,4984,19,1961
DIFFICULTY_35,0,1,5351,19,1950
DIFFICULTY_40,0,1,5436,19,1952
DIFFICULTY_45,0,1,5195,19,1970
DIFFICULTY_50,0,1,10751,19,1957
GASLIMIT_0,0,1,4790,19,1951
GASLIMIT_5,0,1,5289,19,1946
GASLIMIT_10,0,1,5736,19,1960
GASLIMIT_15,0,1,5043,19,1946
GASLIMIT_20,0,1,5424,19,1952
GASLIMIT_25,0,1,5072,19,1970
GASLIMIT_30,0,1,5156,19,1957
GASLIMIT_35,0,1,4939,19,1952
GASLIMIT_40,0,1,5015,19,1966
GASLIMIT_45,0,1,4934,19,1965
GASLIMIT_50,0,1,5828,19,1969
CHAINID_0,0,1,5005,19,1950
CHAINID_5,0,1,5172,19,1979
CHAINID_10,0,1,4799,19,1952
CHAINID_15,0,1,5150,19,1955
CHAINID_20,0,1,5269,19,1965
CHAINID_25,0,1,5253,19,1963
CHAINID_30,0,1,4889,19,1958
CHAINID_35,0,1,5891,19,1970
CHAINID_40,0,1,6018,19,1969
CHAINID_45,0,1,5745,19,1966
CHAINID_50,0,1,6038,19,1955
SELFBALANCE_0,0,1,4814,19,1953
SELFBALANCE_5,0,1,5280,19,1955
SELFBALANCE_10,0,1,5667,19,1956
SELFBALANCE_15,0,1,5134,19,1956
SELFBALANCE_20,0,1,5495,19,1965
SELFBALANCE_25,0,1,5859,19,1968
SELFBALANCE_30,0,1,6061,19,1974
SELFBALANCE_35,0,1,6714,19,1975
SELFBALANCE_40,0,1,6174,19,1947
SELFBALANCE_45,0,1,6735,19,1963
SELFBALANCE_50,0,1,7163,19,1969
POP_0,0,1,6356,19,1978
POP_5,0,1,6594,19,1964
POP_10,0,1,6841,19,1952
POP_15,0,1,6460,19,1958
POP_20,0,1,6260,19,1950
POP_25,0,1,6468,19,1952
POP_30,0,1,6483,19,1962
POP_35,0,1,6187,19,1962
POP_40,0,1,6430,19,1964
POP_45,0,1,6916,19,1959
POP_50,0,1,6356,19,1944
MLOAD_0,0,1,20983,19,1960
MLOAD_5,0,1,21169,19,1967
MLOAD_10,0,1,21843,19,1956
MLOAD_15,0,1,21213,19,1962
MLOAD_20,0,1,22788,19,1955
MLOAD_25,0,1,21504,19,1961
MLOAD_30,0,1,22111,19,1969
MLOAD_35,0,1,21827,19,1968
MLOAD_40,0,1,21695,19,1967
MLOAD_45,0,1,22225,19,1967
MLOAD_50,0,1,22129,19,1969
MSTORE_0,0,1,19900,19,1958
MSTORE_5,0,1,20404,19,1958
MSTORE_10,0,1,20986,19,1961
MSTORE_15,0,1,20628,19,1961
MSTORE_20,0,1,22734,19,1964
MSTORE_25,0,1,22244,19,1965
MSTORE_30,0,1,31094,19,1955
MSTORE_35,0,1,26482,19,1958
MSTORE_40,0,1,24733,19,1961
MSTORE_45,0,1,29568,19,1967
MSTORE_50,0,1,27059,19,1955
MSTORE8_0,0,1,27223,19,1955
MSTORE8_5,0,1,20533,19,1960
MSTORE8_10,0,1,20442,19,1959
MSTORE8_15,0,1,20307,19,1961
MSTORE8_20,0,1,19488,19,1953
MSTORE8_25,0,1,19664,19,1958
MSTORE8_30,0,1,19723,19,1952
MSTORE8_35,0,1,20908,19,1960
MSTORE8_40,0,1,20152,19,1956
MSTORE8_45,0,1,20096,19,1958
MSTORE8_50,0,1,21422,19,1952
JUMP_0,0,1,5239,19,1953
JUMP_5,0,1,6648,21,2500
JUMP_10,0,1,6389,21,2485
JUMP_15,0,1,6330,21,2469
JUMP_20,0,1,6123,21,2474
JUMP_25,0,1,6323,21,2493
JUMP_30,0,1,6526,21,2501
JUMP_35,0,1,7126,21,2495
JUMP_40,0,1,6507,21,2502
JUMP_45,0,1,7476,21,2497
JUMP_50,0,1,7649,21,2505
JUMPI_0,0,1,7492,19,1979
JUMPI_5,0,1,9630,21,2544
JUMPI_10,0,1,9844,21,2556
JUMPI_15,0,1,9234,21,2557
JUMPI_20,0,1,9701,21,2542
JUMPI_25,0,1,9954,21,2523
JUMPI_30,0,1,10412,21,2527
JUMPI_35,0,1,10446,21,2533
JUMPI_40,0,1,10233,21,2528
JUMPI_45,0,1,10651,21,2530
JUMPI_50,0,1,11054,21,2530
PC_0,0,1,4432,19,1958
PC_5,0,1,4352,19,1952
PC_10,0,1,5133,19,1952
PC_15,0,1,5907,19,1979
PC_20,0,1,5080,19,1985
PC_25,0,1,5121,19,1976
PC_30,0,1,5487,19,1959
PC_35,0,1,5210,19,1956
PC_40,0,1,5108,19,1956
PC_45,0,1,5841,19,1955
PC_50,0,1,9172,19,1957
MSIZE_0,0,1,7454,19,1958
MSIZE_5,0,1,5795,19,1957
MSIZE_10,0,1,5051,19,1965
MSIZE_15,0,1,5479,19,1974
MSIZE_20,0,1,4777,19,1964
MSIZE_25,0,1,5415,19,1972
MSIZE_30,0,1,5025,19,1962
MSIZE_35,0,1,4884,19,1960
MSIZE_40,0,1,5581,19,1953
MSIZE_45,0,1,5043,19,1964
MSIZE_50,0,1,4890,19,1959
GAS_0,0,1,6229,19,1939
GAS_5,0,1,5594,19,1974
GAS_10,0,1,5005,19,1973
GAS_15,0,1,5648,19,1961
GAS_20,0,1,5200,19,1966
GAS_25,0,1,4881,19,1952
GAS_30,0,1,5489,19,1943
GAS_35,0,1,5844,19,1969
GAS_40,0,1,5134,19,1941
GAS_45,0,1,5711,19,1976
GAS_50,0,1,5338,19,1959
JUMPDEST_0,0,1,3958,19,1726
JUMPDEST_5,0,1,3985,19,1957
JUMPDEST_10,0,1,3501,19,1955
JUMPDEST_15,0,1,3715,19,1946
JUMPDEST_20,0,1,3943,19,1964
JUMPDEST_25,0,1,4298,19,1949
JUMPDEST_30,0,1,3420,19,1966
JUMPDEST_35,0,1,3686,19,1946
JUMPDEST_40,0,1,4356,19,1969
JUMPDEST_45,0,1,3459,19,1973
JUMPDEST_50,0,1,100046,19,1939
MCOPY_0,0,1,21566,19,1953
MCOPY_5,0,1,20632,19,1963
MCOPY_10,0,1,21663,19,1955
MCOPY_15,0,1,21756,19,1967
MCOPY_20,0,1,22494,19,1953
MCOPY_25,0,1,22191,19,1961
MCOPY_30,0,1,22358,19,1964
MCOPY_35,0,1,22715,19,1946
MCOPY_40,0,1,21913,19,1970
MCOPY_45,0,1,22636,19,1960
MCOPY_50,0,1,23223,19,1963
PUSH0_0,0,1,4317,19,1969
PUSH0_5,0,1,4599,19,1943
PUSH0_10,0,1,5356,19,1941
PUSH0_15,0,1,4948,19,1955
PUSH0_20,0,1,4999,19,1954
PUSH0_25,0,1,4849,19,1941
PUSH0_30,0,1,6012,19,1977
PUSH0_35,0,1,5091,19,1956
PUSH0_40,0,1,5662,19,1977
PUSH0_45,0,1,4940,19,1965
PUSH0_50,0,1,5641,19,1966
PUSH1_0,0,1,5245,19,1971
PUSH1_5,0,1,5005,19,1956
PUSH1_10,0,1,4776,19,1952
PUSH1_15,0,1,4674,19,1942
PUSH1_20,0,1,4846,19,1975
PUSH1_25,0,1,4585,19,1958
PUSH1_30,0,1,5300,19,1942
PUSH1_35,0,1,5357,19,1967
PUSH1_40,0,1,6122,19,1972
PUSH1_45,0,1,5938,19,1968
PUSH1_50,0,1,5445,19,1963
PUSH2_0,0,1,5771,19,1974
PUSH2_5,0,1,4521,19,1965
PUSH2_10,0,1,5502,19,1969
PUSH2_15,0,1,5254,19,1955
PUSH2_20,0,1,4744,19,1944
PUSH2_25,0,1,5577,19,1964
PUSH2_30,0,1,5251,19,1950
PUSH2_35,0,1,5814,19,1967
PUSH2_40,0,1,5666,19,1972
PUSH2_45,0,1,5841,19,1965
PUSH2_50,0,1,5870,19,1958
PUSH3_0,0,1,5244,19,1954
PUSH3_5,0,1,4626,19,1958
PUSH3_10,0,1,5739,19,1979
PUSH3_15,0,1,5582,19,1967
PUSH3_20,0,1,4866,19,1947
PUSH3_25,0,1,6180,19,1967
PUSH3_30,0,1,5008,19,1963
PUSH3_35,0,1,5586,19,1951
PUSH3_40,0,1,5571,19,1939
PUSH3_45,0,1,5793,19,1959
PUSH3_50,0,1,5998,19,1976
PUSH4_0,0,1,4807,19,1954
PUSH4_5,0,1,4869,19,1973
PUSH4_10,0,1,4862,19,1952
PUSH4_15,0,1,5461,19,1952
PUSH4_20,0,1,4973,19,1954
PUSH4_25,0,1,5226,19,1945
PUSH4_30,0,1,5818,19,1962
PUSH4_35,0,1,5577,19,1967
PUSH4_40,0,1,5707,19,1960
PUSH4_45,0,1,9583,19,1969
PUSH4_50,0,1,5810,19,1968
PUSH5_0,0,1,5663,19,1958
PUSH5_5,0,1,4785,19,1959
PUSH5_10,0,1,5297,19,1961
PUSH5_15,0,1,4961,19,1963
PUSH5_20,0,1,5067,19,1961
PUSH5_25,0,1,5098,19,1954
PUSH5_30,0,1,5229,19,1962
PUSH5_35,0,1,5573,19,1963
PUSH5_40,0,1,5540,19,1950
PUSH5_45,0,1,5775,19,1962
PUSH5_50,0,1,6831,19,1962
PUSH6_0,0,1,5110,19,1961
PUSH6_5,0,1,4923,19,1945
PUSH6_10,0,1,5076,19,1952
PUSH6_15,0,1,5041,19,1963
PUSH6_20,0,1,5512,19,1961
PUSH6_25,0,1,5718,19,1948
PUSH6_30,0,1,5027,19,1963
PUSH6_35,0,1,5296,19,1970
PUSH6_40,0,1,5094,19,1953
PUSH6_45,0,1,6161,19,1973
PUSH6_50,0,1,6091,19,1940
PUSH7_0,0,1,5321,19,1963
PUSH7_5,0,1,5499,19,1967
PUSH7_10,0,1,5525,19,1957
PUSH7_15,0,1,5303,19,1963
PUSH7_20,0,1,5111,19,1954
PUSH7_25,0,1,4983,19,1966
PUSH7_30,0,1,5565,19,1969
PUSH7_35,0,1,5489,19,1966
PUSH7_40,0,1,6439,19,1977
PUSH7_45,0,1,5953,19,1962
PUSH7_50,0,1,5590,19,1941
PUSH8_0,0,1,4936,19,1952
PUSH8_5,0,1,5139,19,1979
PUSH8_10,0,1,5187,19,1961
PUSH8_15,0,1,10745,19,1951
PUSH8_20,0,1,5497,19,1948
PUSH8_25,0,1,5328,19,1962
PUSH8_30,0,1,5211,19,1965
PUSH8_35,0,1,5385,19,1967
PUSH8_40,0,1,5862,19,1965
PUSH8_45,0,1,6007,19,1968
PUSH8_50,0,1,5250,19,1950
PUSH9_0,0,1,5012,19,1946
PUSH9_5,0,1,4553,19,1967
PUSH9_10,0,1,4880,19,1965
PUSH9_15,0,1,4515,19,1946
PUSH9_20,0,1,5558,19,1965
PUSH9_25,0,1,5394,19,1963
PUSH9_30,0,1,5611,19,1972
PUSH9_35,0,1,5265,19,1961
PUSH9_40,0,1,5672,19,1951
PUSH9_45,0,1,5649,19,1957
PUSH9_50,0,1,5499,19,1964
PUSH10_0,0,1,4320,19,1972
PUSH10_5,0,1,5622,19,1979
PUSH10_10,0,1,5526,19,1958
PUSH10_15,0,1,5823,19,1978
PUSH10_20,0,1,5329,19,1965
PUSH10_25,0,1,5297,19,1953
PUSH10_30,0,1,5287,19,1966
PUSH10_35,0,1,5264,19,1959
PUSH10_40,0,1,5889,19,1969
PUSH10_45,0,1,5358,19,1941
PUSH10_50,0,1,5522,19,1964
PUSH11_0,0,1,4462,19,1953
PUSH11_5,0,1,4566,19,1959
PUSH11_10,0,1,4522,19,1943
PUSH11_15,0,1,5122,19,1945
PUSH11_20,0,1,5141,19,1964
PUSH11_25,0,1,4949,19,1945
PUSH11_30,0,1,5296,19,1966
PUSH11_35,0,1,5914,19,1965
PUSH11_40,0,1,5512,19,1968
PUSH11_45,0,1,5503,19,1942
PUSH11_50,0,1,5847,19,1971
PUSH12_0,0,1,4405,19,1970
PUSH12_5,0,1,5141,19,1957
PUSH12_10,0,1,4872,19,1955
PUSH12_15,0,1,5332,19,1959
PUSH12_20,0,1,5047,19,1945
PUSH12_25,0,1,5249,19,1965
PUSH12_30,0,1,5056,19,1966
PUSH12_35,0,1,5816,19,1964
PUSH12_40,0,1,5533,19,1966
PUSH12_45,0,1,5391,19,1964
PUSH12_50,0,1,5480,19,1942
PUSH13_0,0,1,4484,19,1962
PUSH13_5,0,1,4419,19,1961
PUSH13_10,0,1,4946,19,1955
PUSH13_15,0,1,5013,19,1972
PUSH13_20,0,1,4937,19,1950
PUSH13_25,0,1,5235,19,1958
PUSH13_30,0,1,5239,19,1954
PUSH13_35,0,1,5490,19,1969
PUSH13_40,0,1,5180,19,1965
PUSH13_45,0,1,5266,19,1970
PUSH13_50,0,1,5628,19,1965
PUSH14_0,0,1,4747,19,1954
PUSH14_5,0,1,4413,19,1943
PUSH14_10,0,1,4516,19,1956
PUSH14_15,0,1,5057,19,1942
PUSH14_20,0,1,6040,19,1960
PUSH14_25,0,1,4952,19,1947
PUSH14_30,0,1,5041,19,1967
PUSH14_35,0,1,5325,19,1969
PUSH14_40,0,1,5440,19,1952
PUSH14_45,0,1,5823,19,1963
PUSH14_50,0,1,5813,19,1972
PUSH15_0,0,1,4504,19,1969
PUSH15_5,0,1,4722,19,1954
PUSH15_10,0,1,4850,19,1942
PUSH15_15,0,1,4865,19,1965
PUSH15_20,0,1,5332,19,1946
PUSH15_25,0,1,5202,19,1966
PUSH15_30,0,1,5590,19,1966
PUSH15_35,0,1,5099,19,1965
PUSH15_40,0,1,6049,19,1947
PUSH15_45,0,1,5541,19,1968
PUSH15_50,0,1,5490,19,1969
PUSH16_0,0,1,4692,19,1958
PUSH16_5,0,1,5170,19,1953
PUSH16_10,0,1,5256,19,1945
PUSH16_15,0,1,4803,19,1945
PUSH16_20,0,1,5020,19,1958
PUSH16_25,0,1,4967,19,1963
PUSH16_30,0,1,5502,19,1952
PUSH16_35,0,1,5047,19,1965
PUSH16_40,0,1,5680,19,1966
PUSH16_45,0,1,5629,19,1963
PUSH16_50,0,1,5676,19,1971
PUSH17_0,0,1,4782,19,1971
PUSH17_5,0,1,4872,19,1953
PUSH17_10,0,1,4311,19,1944
PUSH17_15,0,1,4965,19,1953
PUSH17_20,0,1,5446,19,1962
PUSH17_25,0,1,5572,19,1954
PUSH17_30,0,1,4943,19,1951
PUSH17_35,0,1,5859,19,1969
PUSH17_40,0,1,4979,19,1977
PUSH17_45,0,1,5388,19,1938
PUSH17_50,0,1,6014,19,1960
PUSH18_0,0,1,4833,19,1955
PUSH18_5,0,1,5054,19,1957
PUSH18_10,0,1,4880,19,1965
PUSH18_15,0,1,5042,19,1959
PUSH18_20,0,1,5250,19,1951
PUSH18_25,0,1,5310,19,1960
PUSH18_30,0,1,5290,19,1965
PUSH18_35,0,1,5927,19,1969
PUSH18_40,0,1,5610,19,1970
PUSH18_45,0,1,5186,19,1977
PUSH18_50,0,1,5477,19,1964
PUSH19_0,0,1,4618,19,1948
PUSH19_5,0,1,4965,19,1965
PUSH19_10,0,1,5173,19,1980
PUSH19_15,0,1,5234,19,1961
PUSH19_20,0,1,5364,19,1961
PUSH19_25,0,1,5406,19,1948
PUSH19_30,0,1,5511,19,1958
PUSH19_35,0,1,5781,19,1973
PUSH19_40,0,1,6165,19,1971
PUSH19_45,0,1,5699,19,1969
PUSH19_50,0,1,6407,19,1972
PUSH20_0,0,1,4266,19,1959
PUSH20_5,0,1,4667,19,1979
PUSH20_10,0,1,5145,19,1961
PUSH20_15,0,1,9050,19,1967
PUSH20_20,0,1,5411,19,1963
PUSH20_25,0,1,7912,19,1959
PUSH20_30,0,1,9795,19,1968
PUSH20_35,0,1,22483,19,1951
PUSH20_40,0,1,12104,19,1962
PUSH20_45,0,1,6277,19,1961
PUSH20_50,0,1,6427,19,1957
PUSH21_0,0,1,5818,19,1968
PUSH21_5,0,1,5676,19,1965
PUSH21_10,0,1,4691,19,1956
PUSH21_15,0,1,4950,19,1970
PUSH21_20,0,1,5383,19,1962
PUSH21_25,0,1,5353,19,1943
PUSH21_30,0,1,7240,19,1959
PUSH21_35,0,1,5915,19,1950
PUSH21_40,0,1,5981,19,1968
PUSH21_45,0,1,5656,19,1966
PUSH21_50,0,1,6081,19,1967
PUSH22_0,0,1,4771,19,1971
PUSH22_5,0,1,4715,19,1950
PUSH22_10,0,1,5281,19,1957
PUSH22_15,0,1,4877,19,1955
PUSH22_20,0,1,5179,19,1956
PUSH22_25,0,1,5233,19,1958
PUSH22_30,0,1,5472,19,1950
PUSH22_35,0,1,5450,19,1967
PUSH22_40,0,1,5346,19,1961
PUSH22_45,0,1,6778,19,1945
PUSH22_50,0,1,5947,19,1976
PUSH23_0,0,1,4966,19,1951
PUSH23_5,0,1,6422,19,1940
PUSH23_10,0,1,5226,19,1956
PUSH23_15,0,1,5302,19,1958
PUSH23_20,0,1,5843,19,1970
PUSH23_25,0,1,5249,19,1958
PUSH23_30,0,1,7535,19,1954
PUSH23_35,0,1,5041,19,1968
PUSH23_40,0,1,5634,19,1965
PUSH23_45,0,1,5532,19,1973
PUSH23_50,0,1,6233,19,1970
PUSH24_0,0,1,4610,19,1974
PUSH24_5,0,1,4491,19,1953
PUSH24_10,0,1,4789,19,1946
PUSH24_15,0,1,4541,19,1956
PUSH24_20,0,1,5121,19,1966
PUSH24_25,0,1,5230,19,1961
PUSH24_30,0,1,5220,19,1957
PUSH24_35,0,1,5174,19,1966
PUSH24_40,0,1,5638,19,1965
PUSH24_45,0,1,5758,19,1957
PUSH24_50,0,1,6861,19,1966
PUSH25_0,0,1,5501,19,1958
PUSH25_5,0,1,4459,19,1946
PUSH25_10,0,1,4810,19,1951
PUSH25_15,0,1,5162,19,1948
PUSH25_20,0,1,5275,19,1960
PUSH25_25,0,1,5391,19,1960
PUSH25_30,0,1,5040,19,1968
PUSH25_35,0,1,5312,19,1962
PUSH25_40,0,1,5460,19,1974
PUSH25_45,0,1,5690,19,1971
PUSH25_50,0,1,5727,19,1965
PUSH26_0,0,1,4590,19,1955
PUSH26_5,0,1,4511,19,1955
PUSH26_10,0,1,5124,19,1957
PUSH26_15,0,1,4646,19,1956
PUSH26_20,0,1,4911,19,1952
PUSH26_25,0,1,6189,19,1979
PUSH26_30,0,1,5367,19,1970
PUSH26_35,0,1,5771,19,1976
PUSH26_40,0,1,5737,19,1954
PUSH26_45,0,1,5613,19,1966
PUSH26_50,0,1,6145,19,1962
PUSH27_0,0,1,5004,19,1954
PUSH27_5,0,1,5328,19,1961
PUSH27_10,0,1,5019,19,1962
PUSH27_15,0,1,5590,19,1960
PUSH27_20,0,1,5786,19,1968
PUSH27_25,0,1,5475,19,1948
PUSH27_30,0,1,5103,19,1949
PUSH27_35,0,1,5757,19,1962
PUSH27_40,0,1,5652,19,1967
PUSH27_45,0,1,5395,19,1972
PUSH27_50,0,1,5512,19,1965
PUSH28_0,0,1,4584,19,1970
PUSH28_5,0,1,4708,19,1973
PUSH28_10,0,1,4861,19,1951
PUSH28_15,0,1,5062,19,1967
PUSH28_20,0,1,5650,19,1943
PUSH28_25,0,1,5180,19,1959
PUSH28_30,0,1,5758,19,1953
PUSH28_35,0,1,6850,19,1967
PUSH28_40,0,1,6069,19,1968
PUSH28_45,0,1,6021,19,1950
PUSH28_50,0,1,6592,19,1957
PUSH29_0,0,1,5670,19,1961
PUSH29_5,0,1,5969,19,1967
PUSH29_10,0,1,6093,19,1963
PUSH29_15,0,1,6847,19,1976
PUSH29_20,0,1,5542,19,1971
PUSH29_25,0,1,6051,19,1976
PUSH29_30,0,1,5815,19,1964
PUSH29_35,0,1,6440,19,1973
PUSH29_40,0,1,5283,19,1971
PUSH29_45,0,1,5651,19,1961
PUSH29_50,0,1,5800,19,1975
PUSH30_0,0,1,5474,19,1957
PUSH30_5,0,1,5130,19,1965
PUSH30_10,0,1,4697,19,1957
PUSH30_15,0,1,5358,19,1959
PUSH30_20,0,1,4994,19,1966
PUSH30_25,0,1,5412,19,1949
PUSH30_30,0,1,5386,19,1962
PUSH30_35,0,1,5724,19,1969
PUSH30_40,0,1,6150,19,1952
PUSH30_45,0,1,6189,19,1957
PUSH30_50,0,1,8534,19,1974
PUSH31_0,0,1,5062,19,1948
PUSH31_5,0,1,5404,19,1976
PUSH31_10,0,1,4496,19,1940
PUSH31_15,0,1,4925,19,1953
PUSH31_20,0,1,5349,19,1970
PUSH31_25,0,1,5084,19,1962
PUSH31_30,0,1,4834,19,1961
PUSH31_35,0,1,5556,19,1966
PUSH31_40,0,1,5185,19,1973
PUSH31_45,0,1,5841,19,1969
PUSH31_50,0,1,10778,19,1960
PUSH32_0,0,1,9040,19,1943
PUSH32_5,0,1,5041,19,1961
PUSH32_10,0,1,5289,19,1961
PUSH32_15,0,1,4813,19,1965
PUSH32_20,0,1,4862,19,1971
PUSH32_25,0,1,5998,19,1971
PUSH32_30,0,1,6425,19,1961
PUSH32_35,0,1,6048,19,1962
PUSH32_40,0,1,5444,19,1966
PUSH32_45,0,1,6073,19,1944
PUSH32_50,0,1,5444,19,1944
DUP1_0,0,1,8052,19,1943
DUP1_5,0,1,7371,19,1975
DUP1_10,0,1,7782,19,1980
DUP1_15,0,1,7542,19,1967
DUP1_20,0,1,7794,19,1970
DUP1_25,0,1,7455,19,1946
DUP1_30,0,1,7682,19,1953
DUP1_35,0,1,7294,19,1946
DUP1_40,0,1,7412,19,1964
DUP1_45,0,1,8045,19,1946
DUP1_50,0,1,7737,19,1950
DUP2_0,0,1,7234,19,1945
DUP2_5,0,1,7918,19,1977
DUP2_10,0,1,7505,19,1968
DUP2_15,0,1,7084,19,1958
DUP2_20,0,1,7687,19,1961
DUP2_25,0,1,7120,19,1945
DUP2_30,0,1,7753,19,1966
DUP2_35,0,1,7888,19,1962
DUP2_40,0,1,8460,19,1980
DUP2_45,0,1,8539,19,1982
DUP2_50,0,1,8141,19,1960
DUP3_0,0,1,7199,19,1963
DUP3_5,0,1,7461,19,1951
DUP3_10,0,1,7260,19,1966
DUP3_15,0,1,7770,19,1979
DUP3_20,0,1,8073,19,1963
DUP3_25,0,1,8232,19,1975
DUP3_30,0,1,7768,19,1945
DUP3_35,0,1,7403,19,1945
DUP3_40,0,1,7721,19,1969
DUP3_45,0,1,7976,19,1945
DUP3_50,0,1,7712,19,1965
DUP4_0,0,1,7300,19,1975
DUP4_5,0,1,7224,19,1963
DUP4_10,0,1,7396,19,1960
DUP4_15,0,1,7522,19,1963
DUP4_20,0,1,8037,19,1953
DUP4_25,0,1,7519,19,1961
DUP4_30,0,1,8039,19,1979
DUP4_35,0,1,7494,19,1963
DUP4_40,0,1,7241,19,1944
DUP4_45,0,1,7631,19,1944
DUP4_50,0,1,7861,19,1943
DUP5_0,0,1,7587,19,1978
DUP5_5,0,1,7463,19,1973
DUP5_10,0,1,7216,19,1963
DUP5_15,0,1,7606,19,1975
DUP5_20,0,1,7033,19,1975
DUP5_25,0,1,7617,19,1969
DUP5_30,0,1,7566,19,1968
DUP5_35,0,1,7616,19,1963
DUP5_40,0,1,7729,19,1963
DUP5_45,0,1,7671,19,1970
DUP5_50,0,1,7518,19,1965
DUP6_0,0,1,7084,19,1960
DUP6_5,0,1,7326,19,1959
DUP6_10,0,1,7491,19,1959
DUP6_15,0,1,7492,19,1967
DUP6_20,0,1,7588,19,1951
DUP6_25,0,1,7569,19,1945
DUP6_30,0,1,7533,19,1969
DUP6_35,0,1,8323,19,1941
DUP6_40,0,1,7456,19,1966
DUP6_45,0,1,7707,19,1968
DUP6_50,0,1,7731,19,1946
DUP7_0,0,1,7401,19,1977
DUP7_5,0,1,7087,19,1977
DUP7_10,0,1,7742,19,1974
DUP7_15,0,1,7801,19,1982
DUP7_20,0,1,7633,19,1965
DUP7_25,0,1,7532,19,1951
DUP7_30,0,1,7496,19,1981
DUP7_35,0,1,7667,19,1964
DUP7_40,0,1,7770,19,1947
DUP7_45,0,1,7824,19,1980
DUP7_50,0,1,7893,19,1982
DUP8_0,0,1,7673,19,1970
DUP8_5,0,1,7278,19,1978
DUP8_10,0,1,7474,19,1963
DUP8_15,0,1,7654,19,1970
DUP8_20,0,1,7645,19,1942
DUP8_25,0,1,7832,19,1979
DUP8_30,0,1,8395,19,1955
DUP8_35,0,1,7941,19,1943
DUP8_40,0,1,8026,19,1977
DUP8_45,0,1,8238,19,1981
DUP8_50,0,1,9049,19,1948
DUP9_0,0,1,7264,19,1960
DUP9_5,0,1,7149,19,1978
DUP9_10,0,1,7593,19,1950
DUP9_15,0,1,7644,19,1961
DUP9_20,0,1,7758,19,1954
DUP9_25,0,1,7777,19,1945
DUP9_30,0,1,8289,19,1964
DUP9_35,0,1,7409,19,1969
DUP9_40,0,1,7726,19,1980
DUP9_45,0,1,7938,19,1943
DUP9_50,0,1,7920,19,1968
DUP10_0,0,1,6808,19,1979
DUP10_5,0,1,8112,19,1955
DUP10_10,0,1,7885,19,1960
DUP10_15,0,1,8118,19,1964
DUP10_20,0,1,7854,19,1942
DUP10_25,0,1,8154,19,1950
DUP10_30,0,1,8309,19,1952
DUP10_35,0,1,8115,19,1946
DUP10_40,0,1,8613,19,1960
DUP10_45,0,1,8844,19,1959
DUP10_50,0,1,8537,19,1966
DUP11_0,0,1,7951,19,1979
DUP11_5,0,1,7490,19,1949
DUP11_10,0,1,7882,19,1945
DUP11_15,0,1,8010,19,1955
DUP11_20,0,1,8082,19,1968
DUP11_25,0,1,7749,19,1949
DUP11_30,0,1,8735,19,1953
DUP11_35,0,1,7507,19,1980
DUP11_40,0,1,8907,19,1951
DUP11_45,0,1,8125,19,1949
DUP11_50,0,1,8886,19,1970
DUP12_0,0,1,7553,19,1944
DUP12_5,0,1,7919,19,1974
DUP12_10,0,1,7093,19,1946
DUP12_15,0,1,7389,19,1945
DUP12_20,0,1,7515,19,1945
DUP12_25,0,1,8201,19,1982
DUP12_30,0,1,7727,19,1970
DUP12_35,0,1,7884,19,1945
DUP12_40,0,1,7807,19,1970
DUP12_45,0,1,8000,19,1955
DUP12_50,0,1,8198,19,1949
DUP13_0,0,1,8154,19,1970
DUP13_5,0,1,7430,19,1961
DUP13_10,0,1,7477,19,1962
DUP13_15,0,1,7804,19,1965
DUP13_20,0,1,7809,19,1963
DUP13_25,0,1,7778,19,1953
DUP13_30,0,1,8121,19,1951
DUP13_35,0,1,7826,19,1964
DUP13_40,0,1,7612,19,1944
DUP13_45,0,1,8186,19,1957
DUP13_50,0,1,7579,19,1947
DUP14_0,0,1,7338,19,1980
DUP14_5,0,1,7444,19,1965
DUP14_10,0,1,7754,19,1945
DUP14_15,0,1,7496,19,1969
DUP14_20,0,1,7660,19,1950
DUP14_25,0,1,7601,19,1950
DUP14_30,0,1,7729,19,1981
DUP14_35,0,1,10024,19,1951
DUP14_40,0,1,8798,19,1967
DUP14_45,0,1,8125,19,1956
DUP14_50,0,1,8021,19,1953
DUP15_0,0,1,7644,19,1961
DUP15_5,0,1,7457,19,1944
DUP15_10,0,1,7658,19,1961
DUP15_15,0,1,7433,19,1973
DUP15_20,0,1,7630,19,1944
DUP15_25,0,1,7805,19,1945
DUP15_30,0,1,7654,19,1961
DUP15_35,0,1,8067,19,1970
DUP15_40,0,1,7705,19,1979
DUP15_45,0,1,7529,19,1970
DUP15_50,0,1,7734,19,1951
DUP16_0,0,1,7255,19,1946
DUP16_5,0,1,7772,19,1963
DUP16_10,0,1,8355,19,1957
DUP16_15,0,1,8164,19,1943
DUP16_20,0,1,7472,19,1959
DUP16_25,0,1,7782,19,1944
DUP16_30,0,1,7651,19,1945
DUP16_35,0,1,7605,19,1965
DUP16_40,0,1,8186,19,1961
DUP16_45,0,1,8254,19,1956
DUP16_50,0,1,8029,19,1946
SWAP1_0,0,1,6241,19,1969
SWAP1_5,0,1,6601,19,1946
SWAP1_10,0,1,6280,19,1977
SWAP1_15,0,1,6196,19,1959
SWAP1_20,0,1,6510,19,1945
SWAP1_25,0,1,6301,19,1969
SWAP1_30,0,1,6228,19,1955
SWAP1_35,0,1,7159,19,1957
SWAP1_40,0,1,6743,19,1955
SWAP1_45,0,1,6910,19,1961
SWAP1_50,0,1,6703,19,1956
SWAP2_0,0,1,6021,19,1968
SWAP2_5,0,1,6252,19,1950
SWAP2_10,0,1,5809,19,1970
SWAP2_15,0,1,6317,19,1967
SWAP2_20,0,1,6262,19,1945
SWAP2_25,0,1,6055,19,1951
SWAP2_30,0,1,5782,19,1963
SWAP2_35,0,1,6591,19,1952
SWAP2_40,0,1,6465,19,1950
SWAP2_45,0,1,6817,19,1963
SWAP2_50,0,1,6819,19,1967
SWAP3_0,0,1,6010,19,1958
SWAP3_5,0,1,6053,19,1949
SWAP3_10,0,1,6285,19,1946
SWAP3_15,0,1,6350,19,1953
SWAP3_20,0,1,5935,19,1944
SWAP3_25,0,1,6638,19,1959
SWAP3_30,0,1,6468,19,1969
SWAP3_35,0,1,6576,19,1956
SWAP3_40,0,1,6471,19,1956
SWAP3_45,0,1,7392,19,1968
SWAP3_50,0,1,7018,19,1966
SWAP4_0,0,1,6600,19,1945
SWAP4_5,0,1,6642,19,1961
SWAP4_10,0,1,6154,19,1952
SWAP4_15,0,1,6685,19,1968
SWAP4_20,0,1,6503,19,1973
SWAP4_25,0,1,7815,19,1972
SWAP4_30,0,1,6960,19,1967
SWAP4_35,0,1,6603,19,1953
SWAP4_40,0,1,6406,19,1952
SWAP4_45,0,1,6279,19,1951
SWAP4_50,0,1,6804,19,1966
SWAP5_0,0,1,6252,19,1954
SWAP5_5,0,1,6634,19,1961
SWAP5_10,0,1,6215,19,1942
SWAP5_15,0,1,6940,19,1944
SWAP5_20,0,1,6486,19,1973
SWAP5_25,0,1,6576,19,1947
SWAP5_30,0,1,6424,19,1950
SWAP5_35,0,1,6381,19,1963
SWAP5_40,0,1,6728,19,1959
SWAP5_45,0,1,6548,19,1965
SWAP5_50,0,1,6559,19,1968
SWAP6_0,0,1,5696,19,1943
SWAP6_5,0,1,6965,19,1945
SWAP6_10,0,1,7610,19,1967
SWAP6_15,0,1,6571,19,1967
SWAP6_20,0,1,6429,19,1964
SWAP6_25,0,1,6777,19,1969
SWAP6_30,0,1,6759,19,1960
SWAP6_35,0,1,6398,19,1958
SWAP6_40,0,1,6996,19,1950
SWAP6_45,0,1,6914,19,1962
SWAP6_50,0,1,7153,19,1960
SWAP7_0,0,1,6304,19,1952
SWAP7_5,0,1,6005,19,1957
SWAP7_10,0,1,5927,19,1947
SWAP7_15,0,1,6056,19,1965
SWAP7_20,0,1,6681,19,1951
SWAP7_25,0,1,6080,19,1962
SWAP7_30,0,1,6617,19,1947
SWAP7_35,0,1,6851,19,1963
SWAP7_40,0,1,6393,19,1955
SWAP7_45,0,1,6165,19,1947
SWAP7_50,0,1,6717,19,1965
SWAP8_0,0,1,6251,19,1972
SWAP8_5,0,1,5614,19,1974
SWAP8_10,0,1,6297,19,1960
SWAP8_15,0,1,5877,19,1950
SWAP8_20,0,1,6105,19,1952
SWAP8_25,0,1,6155,19,1962
SWAP8_30,0,1,6245,19,1962
SWAP8_35,0,1,6302,19,1951
SWAP8_40,0,1,6469,19,1958
SWAP8_45,0,1,6654,19,1959
SWAP8_50,0,1,6744,19,1954
SWAP9_0,0,1,6508,19,1942
SWAP9_5,0,1,5637,19,1950
SWAP9_10,0,1,6549,19,1978
SWAP9_15,0,1,6498,19,1978
SWAP9_20,0,1,5891,19,1947
SWAP9_25,0,1,6757,19,1956
SWAP9_30,0,1,6915,19,1970
SWAP9_35,0,1,6523,19,1953
SWAP9_40,0,1,6082,19,1946
SWAP9_45,0,1,6304,19,1953
SWAP9_50,0,1,6202,19,1964
SWAP10_0,0,1,5780,19,1950
SWAP10_5,0,1,6086,19,1968
SWAP10_10,0,1,5935,19,1978
SWAP10_15,0,1,6319,19,1951
SWAP10_20,0,1,5938,19,1945
SWAP10_25,0,1,6372,19,1953
SWAP10_30,0,1,6538,19,1946
SWAP10_35,0,1,7155,19,1969
SWAP10_40,0,1,7218,19,1962
SWAP10_45,0,1,7294,19,1961
SWAP10_50,0,1,6913,19,1958
SWAP11_0,0,1,5861,19,1962
SWAP11_5,0,1,6267,19,1969
SWAP11_10,0,1,7150,19,1963
SWAP11_15,0,1,6558,19,1958
SWAP11_20,0,1,6673,19,1967
SWAP11_25,0,1,8496,19,1952
SWAP11_30,0,1,8438,19,1947
SWAP11_35,0,1,7854,19,1953
SWAP11_40,0,1,7609,19,1969
SWAP11_45,0,1,6973,19,1958
SWAP11_50,0,1,6545,19,1976
SWAP12_0,0,1,6697,19,1975
SWAP12_5,0,1,6479,19,1951
SWAP12_10,0,1,6360,19,1945
SWAP12_15,0,1,6163,19,1952
SWAP12_20,0,1,6490,19,1952
SWAP12_25,0,1,7189,19,1961
SWAP12_30,0,1,8487,19,1953
SWAP12_35,0,1,8199,19,1966
SWAP12_40,0,1,7974,19,1985
SWAP12_45,0,1,6955,19,1962
SWAP12_50,0,1,6613,19,1963
SWAP13_0,0,1,6313,19,1953
SWAP13_5,0,1,5988,19,1978
SWAP13_10,0,1,7276,19,1959
SWAP13_15,0,1,6509,19,1947
SWAP13_20,0,1,6466,19,1966
SWAP13_25,0,1,6451,19,1965
SWAP13_30,0,1,6348,19,1967
SWAP13_35,0,1,6533,19,1959
SWAP13_40,0,1,7016,19,1970
SWAP13_45,0,1,6036,19,1979
SWAP13_50,0,1,6857,19,1967
SWAP14_0,0,1,7657,19,1967
SWAP14_5,0,1,6514,19,1976
SWAP14_10,0,1,7216,19,1963
SWAP14_15,0,1,7460,19,1974
SWAP14_20,0,1,6280,19,1947
SWAP14_25,0,1,6214,19,1946
SWAP14_30,0,1,7028,19,1958
SWAP14_35,0,1,6173,19,1946
SWAP14_40,0,1,6537,19,1953
SWAP14_45,0,1,6989,19,1958
SWAP14_50,0,1,6509,19,1958
SWAP15_0,0,1,6218,19,1970
SWAP15_5,0,1,5871,19,1961
SWAP15_10,0,1,6401,19,1959
SWAP15_15,0,1,6619,19,1960
SWAP15_20,0,1,6187,19,1961
SWAP15_25,0,1,6265,19,1965
SWAP15_30,0,1,6503,19,1962
SWAP15_35,0,1,6065,19,1952
SWAP15_40,0,1,6278,19,1950
SWAP15_45,0,1,6711,19,1956
SWAP15_50,0,1,6827,19,1953
SWAP16_0,0,1,5780,19,1972
SWAP16_5,0,1,6264,19,1975
SWAP16_10,0,1,6420,19,1945
SWAP16_15,0,1,6299,19,1952
SWAP16_20,0,1,6262,19,1965
SWAP16_25,0,1,6715,19,1956
SWAP16_30,0,1,6241,19,1962
SWAP16_35,0,1,6021,19,1962
SWAP16_40,0,1,6364,19,1965
SWAP16_45,0,1,6385,19,1964
SWAP16_50,0,1,7489,19,1949
LOG0_0,0,1,19099,19,1950
LOG0_5,0,1,23362,34,4888
LOG0_10,0,1,30773,49,7919
LOG0_15,0,1,38125,64,10874
LOG0_20,0,1,53830,79,13746
LOG0_25,0,1,73617,94,16821
LOG0_30,0,1,85452,109,19163
LOG0_35,0,1,112184,124,23367
LOG0_40,0,1,79637,139,26502
LOG0_45,0,1,53587,154,29496
LOG0_50,0,1,86454,169,32541
LOG1_0,0,1,19280,19,1955
LOG1_5,0,1,23570,39,5069
LOG1_10,0,1,29339,59,8264
LOG1_15,0,1,30974,79,11259
LOG1_20,0,1,44148,99,14410
LOG1_25,0,1,46412,119,17827
LOG1_30,0,1,114582,139,20877
LOG1_35,0,1,69195,159,24629
LOG1_40,0,1,51152,179,27080
LOG1_45,0,1,54738,199,31119
LOG1_50,0,1,69839,219,33925
LOG2_0,0,1,19460,19,1969
LOG2_5,0,1,24143,39,5176
LOG2_10,0,1,27738,59,8642
LOG2_15,0,1,31150,79,11770
LOG2_20,0,1,36408,99,15204
LOG2_25,0,1,46664,119,18617
LOG2_30,0,1,49988,139,21259
LOG2_35,0,1,53031,159,25856
LOG2_40,0,1,69017,179,28743
LOG2_45,0,1,50182,199,30823
LOG2_50,0,1,42759,207,26667
LOG3_0,0,1,19182,19,1953
LOG3_5,0,1,23179,39,5333
LOG3_10,0,1,29711,59,8948
LOG3_15,0,1,29964,79,12441
LOG3_20,0,1,34097,99,15793
LOG3_25,0,1,39020,119,19321
LOG3_30,0,1,43840,139,23463
LOG3_35,0,1,48631,159,27059
LOG3_40,0,1,38815,171,23073
LOG3_45,0,1,41158,171,23065
LOG3_50,0,1,38861,171,23068
LOG4_0,0,1,18878,19,1951
LOG4_5,0,1,23787,39,5598
LOG4_10,0,1,27458,59,9208
LOG4_15,0,1,34091,79,12745
LOG4_20,0,1,35504,99,16337
LOG4_25,0,1,39213,119,20235
LOG4_30,0,1,45206,139,23492
LOG4_35,0,1,36823,146,20153
LOG4_40,0,1,37352,146,20155
LOG4_45,0,1,36997,146,20155
LOG4_50,0,1,36951,146,20156
RETURN_0,0,1,5903,19,1954
RETURN_5,0,1,5948,20,2198
RETURN_10,0,1,5760,20,2201
RETURN_15,0,1,6057,20,2199
RETURN_20,0,1,5916,20,2226
RETURN_25,0,1,5931,20,2227
RETURN_30,0,1,5732,20,2213
RETURN_35,0,1,5707,20,2204
RETURN_40,0,1,6076,20,2194
RETURN_45,0,1,5972,20,2207
RETURN_50,0,1,6112,20,2235
REVERT_0,0,1,5853,19,1971
REVERT_5,0,1,5830,20,2128
REVERT_10,0,1,5710,20,2128
REVERT_15,0,1,6015,20,2127
REVERT_20,0,1,5707,20,2128
REVERT_25,0,1,6071,20,2128
REVERT_30,0,1,5923,20,2127
REVERT_35,0,1,5595,20,2127
REVERT_40,0,1,5824,20,2128
REVERT_45,0,1,5447,20,2128
REVERT_50,0,1,5530,20,2128
