program_id,sample_id,run_id,total_time_ns,mem_allocs_count,mem_allocs_bytes
STOP_0,0,1,4740,13,1580
STOP_5,0,1,3707,18,1823
STOP_10,0,1,3847,18,1823
STOP_15,0,1,7823,18,1839
STOP_20,0,1,4067,18,1828
STOP_25,0,1,4157,18,1833
STOP_30,0,1,4666,18,1833
STOP_35,0,1,4748,18,1842
STOP_40,0,1,4429,18,1837
STOP_45,0,1,4628,18,1838
STOP_50,0,1,11928,18,1839
ADD_0,0,1,9336,18,1846
ADD_5,0,1,8364,18,1848
ADD_10,0,1,7521,18,1832
ADD_15,0,1,8787,18,1828
ADD_20,0,1,10773,18,1822
ADD_25,0,1,12153,18,1840
ADD_30,0,1,11350,18,1840
ADD_35,0,1,8623,18,1830
ADD_40,0,1,12481,18,1841
ADD_45,0,1,13169,18,1823
ADD_50,0,1,9716,18,1837
MUL_0,0,1,12897,18,1834
MUL_5,0,1,12176,18,1839
MUL_10,0,1,8683,18,1839
MUL_15,0,1,8085,18,1831
MUL_20,0,1,7613,18,1831
MUL_25,0,1,8804,18,1846
MUL_30,0,1,8297,18,1843
MUL_35,0,1,9642,18,1831
MUL_40,0,1,14234,18,1854
MUL_45,0,1,9161,18,1849
MUL_50,0,1,8904,18,1836
SUB_0,0,1,8275,18,1828
SUB_5,0,1,12287,18,1827
SUB_10,0,1,8482,18,1837
SUB_15,0,1,8603,18,1849
SUB_20,0,1,8543,18,1833
SUB_25,0,1,7516,18,1825
SUB_30,0,1,7843,18,1842
SUB_35,0,1,7753,18,1829
SUB_40,0,1,8778,18,1843
SUB_45,0,1,8506,18,1842
SUB_50,0,1,7240,18,1820
DIV_0,0,1,7825,18,1841
DIV_5,0,1,12755,18,1847
DIV_10,0,1,7697,18,1834
DIV_15,0,1,7052,18,1831
DIV_20,0,1,7963,18,1830
DIV_25,0,1,8666,18,1843
DIV_30,0,1,8025,18,1831
DIV_35,0,1,7962,18,1830
DIV_40,0,1,8634,18,1833
DIV_45,0,1,8180,18,1841
DIV_50,0,1,9035,18,1841
SDIV_0,0,1,8304,18,1841
SDIV_5,0,1,8055,18,1842
SDIV_10,0,1,8305,18,1834
SDIV_15,0,1,8789,18,1828
SDIV_20,0,1,8227,18,1839
SDIV_25,0,1,8662,18,1831
SDIV_30,0,1,24627,18,1844
SDIV_35,0,1,8491,18,1839
SDIV_40,0,1,8029,18,1837
SDIV_45,0,1,15732,18,1841
SDIV_50,0,1,21837,18,1843
MOD_0,0,1,22703,18,1832
MOD_5,0,1,21936,18,1829
MOD_10,0,1,13845,18,1842
MOD_15,0,1,14776,18,1846
MOD_20,0,1,36485,18,1843
MOD_25,0,1,9315,18,1830
MOD_30,0,1,9738,18,1847
MOD_35,0,1,14727,18,1836
MOD_40,0,1,11503,18,1844
MOD_45,0,1,10236,18,1836
MOD_50,0,1,15437,18,1824
SMOD_0,0,1,8686,18,1846
SMOD_5,0,1,7898,18,1845
SMOD_10,0,1,19260,18,1840
SMOD_15,0,1,8697,18,1839
SMOD_20,0,1,8022,18,1830
SMOD_25,0,1,7639,18,1837
SMOD_30,0,1,14708,18,1841
SMOD_35,0,1,8141,18,1830
SMOD_40,0,1,16274,18,1857
SMOD_45,0,1,13270,18,1845
SMOD_50,0,1,9239,18,1855
ADDMOD_0,0,1,9202,18,1838
ADDMOD_5,0,1,12951,18,1840
ADDMOD_10,0,1,15972,18,1838
ADDMOD_15,0,1,9695,18,1850
ADDMOD_20,0,1,10808,18,1829
ADDMOD_25,0,1,9569,18,1840
ADDMOD_30,0,1,8151,18,1832
ADDMOD_35,0,1,9682,18,1845
ADDMOD_40,0,1,10354,18,1829
ADDMOD_45,0,1,10458,18,1828
