program_id,sample_id,run_id,total_time_ns,mem_allocs_count,mem_allocs_bytes
STOP_0,0,1,3919,18,1858
STOP_5,0,1,3886,18,1826
STOP_10,0,1,3916,18,1831
STOP_15,0,1,4194,18,1836
STOP_20,0,1,4133,18,1827
STOP_25,0,1,4710,18,1845
STOP_30,0,1,3481,18,1850
STOP_35,0,1,4376,18,1825
STOP_40,0,1,4357,18,1831
STOP_45,0,1,3635,18,1827
STOP_50,0,1,3896,18,1819
ADD_0,0,1,8566,18,1838
ADD_5,0,1,8279,18,1844
ADD_10,0,1,9282,18,1848
ADD_15,0,1,9021,18,1829
ADD_20,0,1,9782,18,1836
ADD_25,0,1,7790,18,1832
ADD_30,0,1,9403,18,1845
ADD_35,0,1,8506,18,1844
ADD_40,0,1,10988,18,1825
ADD_45,0,1,18666,18,1831
ADD_50,0,1,30383,18,1834
MUL_0,0,1,28786,18,1850
MUL_5,0,1,11015,18,1822
MUL_10,0,1,10856,18,1829
MUL_15,0,1,12821,18,1827
MUL_20,0,1,15654,18,1835
MUL_25,0,1,15972,18,1840
MUL_30,0,1,8655,18,1839
MUL_35,0,1,8410,18,1839
MUL_40,0,1,9971,18,1848
MUL_45,0,1,10065,18,1835
MUL_50,0,1,10597,18,1846
SUB_0,0,1,7977,18,1847
SUB_5,0,1,750771,18,1843
SUB_10,0,1,7616,18,1830
SUB_15,0,1,7679,18,1844
SUB_20,0,1,7500,18,1830
SUB_25,0,1,7751,18,1830
SUB_30,0,1,7207,18,1833
SUB_35,0,1,7494,18,1842
SUB_40,0,1,6884,18,1831
SUB_45,0,1,16020,18,1831
SUB_50,0,1,10519,18,1836
DIV_0,0,1,7335,18,1839
DIV_5,0,1,7698,18,1839
DIV_10,0,1,7863,18,1845
DIV_15,0,1,7831,18,1838
DIV_20,0,1,7591,18,1845
DIV_25,0,1,7808,18,1832
DIV_30,0,1,11935,18,1837
DIV_35,0,1,8898,18,1835
DIV_40,0,1,11245,18,1827
DIV_45,0,1,9412,18,1835
DIV_50,0,1,8172,18,1848
SDIV_0,0,1,7472,18,1853
SDIV_5,0,1,8166,18,1838
SDIV_10,0,1,7198,18,1837
SDIV_15,0,1,7248,18,1825
SDIV_20,0,1,7639,18,1832
SDIV_25,0,1,14547,18,1846
SDIV_30,0,1,7663,18,1834
SDIV_35,0,1,7834,18,1832
SDIV_40,0,1,8028,18,1840
SDIV_45,0,1,8128,18,1830
SDIV_50,0,1,10502,18,1840
MOD_0,0,1,8164,18,1848
MOD_5,0,1,7317,18,1845
MOD_10,0,1,9260,18,1836
MOD_15,0,1,7460,18,1838
MOD_20,0,1,7658,18,1840
MOD_25,0,1,7968,18,1828
MOD_30,0,1,7485,18,1837
MOD_35,0,1,8029,18,1855
MOD_40,0,1,7534,18,1829
MOD_45,0,1,8096,18,1834
MOD_50,0,1,9670,18,1848
SMOD_0,0,1,8047,18,1831
SMOD_5,0,1,7508,18,1842
SMOD_10,0,1,7855,18,1832
SMOD_15,0,1,7209,18,1840
SMOD_20,0,1,7128,18,1852
SMOD_25,0,1,7383,18,1835
SMOD_30,0,1,7687,18,1838
SMOD_35,0,1,7289,18,1828
SMOD_40,0,1,7910,18,1848
