program_id,sample_id,run_id,total_time_ns,mem_allocs_count,mem_allocs_bytes
STOP_0,0,1,6154,13,1582
STOP_5,0,1,4702,18,1814
STOP_10,0,1,5039,18,1845
STOP_15,0,1,4691,18,1821
STOP_20,0,1,5650,18,1838
STOP_25,0,1,4891,18,1845
STOP_30,0,1,4683,18,1838
STOP_35,0,1,5013,18,1832
STOP_40,0,1,4662,18,1826
STOP_45,0,1,4393,18,1831
STOP_50,0,1,4171,18,1821
ADD_0,0,1,9234,18,1834
ADD_5,0,1,8925,18,1857
ADD_10,0,1,8597,18,1831
ADD_15,0,1,9111,18,1836
ADD_20,0,1,10335,18,1832
ADD_25,0,1,9499,18,1840
ADD_30,0,1,8498,18,1844
ADD_35,0,1,8848,18,1840
ADD_40,0,1,8363,18,1851
ADD_45,0,1,8717,18,1829
ADD_50,0,1,9659,18,1838
MUL_0,0,1,8558,18,1838
MUL_5,0,1,8636,18,1841
MUL_10,0,1,8707,18,1832
MUL_15,0,1,8835,18,1849
MUL_20,0,1,8367,18,1848
MUL_25,0,1,8834,18,1853
MUL_30,0,1,8674,18,1838
MUL_35,0,1,9036,18,1832
MUL_40,0,1,10082,18,1839
MUL_45,0,1,9975,18,1834
MUL_50,0,1,10230,18,1836
SUB_0,0,1,8630,18,1829
SUB_5,0,1,8376,18,1829
SUB_10,0,1,8744,18,1828
SUB_15,0,1,8772,18,1847
SUB_20,0,1,9025,18,1841
SUB_25,0,1,7968,18,1841
SUB_30,0,1,8826,18,1845
SUB_35,0,1,13691,18,1847
SUB_40,0,1,9023,18,1833
SUB_45,0,1,8232,18,1830
SUB_50,0,1,8870,18,1832
DIV_0,0,1,8678,18,1843
DIV_5,0,1,8659,18,1832
DIV_10,0,1,8640,18,1828
DIV_15,0,1,8145,18,1845
DIV_20,0,1,8966,18,1830
DIV_25,0,1,9383,18,1832
DIV_30,0,1,9073,18,1834
DIV_35,0,1,9392,18,1832
DIV_40,0,1,8938,18,1838
DIV_45,0,1,9458,18,1847
DIV_50,0,1,9130,18,1848
SDIV_0,0,1,8486,18,1842
SDIV_5,0,1,8460,18,1827
SDIV_10,0,1,9127,18,1842
SDIV_15,0,1,12767,18,1843
SDIV_20,0,1,12223,18,1843
SDIV_25,0,1,16786,18,1846
SDIV_30,0,1,14641,18,1840
SDIV_35,0,1,12882,18,1845
SDIV_40,0,1,11879,18,1834
SDIV_45,0,1,11826,18,1839
SDIV_50,0,1,11679,18,1844
MOD_0,0,1,11691,18,1827
MOD_5,0,1,12286,18,1830
MOD_10,0,1,12117,18,1846
MOD_15,0,1,12580,18,1833
MOD_20,0,1,12960,18,1850
MOD_25,0,1,13000,18,1830
MOD_30,0,1,10957,18,1836
MOD_35,0,1,12889,18,1845
MOD_40,0,1,12384,18,1831
MOD_45,0,1,11797,18,1832
MOD_50,0,1,11127,18,1843
SMOD_0,0,1,8951,18,1830
SMOD_5,0,1,10105,18,1834
SMOD_10,0,1,10019,18,1829
SMOD_15,0,1,9751,18,1830
SMOD_20,0,1,11060,18,1837
SMOD_25,0,1,10943,18,1848
SMOD_30,0,1,11058,18,1839
SMOD_35,0,1,10400,18,1838
SMOD_40,0,1,11457,18,1829
SMOD_45,0,1,11372,18,1828
SMOD_50,0,1,11135,18,1830
ADDMOD_0,0,1,9718,18,1841
ADDMOD_5,0,1,11754,18,1848
ADDMOD_10,0,1,10802,18,1828
ADDMOD_15,0,1,10977,18,1833
ADDMOD_20,0,1,11046,18,1839
ADDMOD_25,0,1,10476,18,1837
ADDMOD_30,0,1,10269,18,1844
ADDMOD_35,0,1,10507,18,1836
ADDMOD_40,0,1,10478,18,1838
ADDMOD_45,0,1,10506,18,1832
ADDMOD_50,0,1,10747,18,1830
MULMOD_0,0,1,9538,18,1835
MULMOD_5,0,1,9322,18,1845
MULMOD_10,0,1,13546,18,1843
MULMOD_15,0,1,17637,18,1835
MULMOD_20,0,1,11716,18,1826
MULMOD_25,0,1,10368,18,1830
MULMOD_30,0,1,10798,18,1840
MULMOD_35,0,1,10743,18,1828
MULMOD_40,0,1,9771,18,1844
MULMOD_45,0,1,10707,18,1836
MULMOD_50,0,1,11500,18,1847
EXP_0,0,1,8626,18,1834
EXP_5,0,1,9472,18,1830
EXP_10,0,1,10372,18,1847
EXP_15,0,1,11491,18,1847
EXP_20,0,1,12312,18,1832
EXP_25,0,1,12743,18,1836
EXP_30,0,1,14427,18,1842
EXP_35,0,1,15711,18,1831
EXP_40,0,1,16206,18,1833
EXP_45,0,1,17353,18,1841
EXP_50,0,1,18126,18,1829
SIGNEXTEND_0,0,1,8772,18,1849
SIGNEXTEND_5,0,1,8373,18,1838
SIGNEXTEND_10,0,1,8661,18,1843
SIGNEXTEND_15,0,1,8818,18,1846
SIGNEXTEND_20,0,1,9080,18,1829
SIGNEXTEND_25,0,1,9077,18,1829
SIGNEXTEND_30,0,1,9154,18,1836
SIGNEXTEND_35,0,1,8410,18,1832
SIGNEXTEND_40,0,1,9829,18,1830
SIGNEXTEND_45,0,1,9142,18,1835
SIGNEXTEND_50,0,1,9371,18,1834
LT_0,0,1,8416,18,1840
LT_5,0,1,8601,18,1836
LT_10,0,1,9255,18,1834
LT_15,0,1,8513,18,1829
LT_20,0,1,8944,18,1829
LT_25,0,1,9471,18,1840
LT_30,0,1,9558,18,1843
LT_35,0,1,9675,18,1829
LT_40,0,1,9858,18,1841
LT_45,0,1,9077,18,1833
LT_50,0,1,9337,18,1836
GT_0,0,1,9517,18,1829
GT_5,0,1,8596,18,1839
GT_10,0,1,8898,18,1843
GT_15,0,1,8723,18,1842
GT_20,0,1,11256,18,1836
GT_25,0,1,14098,18,1832
GT_30,0,1,10014,18,1837
GT_35,0,1,9605,18,1836
GT_40,0,1,8843,18,1830
GT_45,0,1,9260,18,1831
GT_50,0,1,9287,18,1828
SLT_0,0,1,8444,18,1836
SLT_5,0,1,8297,18,1836
SLT_10,0,1,8793,18,1835
SLT_15,0,1,9487,18,1829
SLT_20,0,1,9117,18,1828
SLT_25,0,1,13319,18,1827
SLT_30,0,1,8719,18,1841
SLT_35,0,1,9026,18,1830
SLT_40,0,1,9141,18,1835
SLT_45,0,1,9488,18,1847
SLT_50,0,1,9230,18,1829
SGT_0,0,1,9020,18,1844
SGT_5,0,1,10879,18,1848
SGT_10,0,1,8573,18,1834
SGT_15,0,1,8858,18,1845
SGT_20,0,1,8890,18,1848
SGT_25,0,1,8895,18,1831
SGT_30,0,1,10225,18,1845
SGT_35,0,1,9825,18,1824
SGT_40,0,1,9897,18,1832
SGT_45,0,1,9475,18,1829
SGT_50,0,1,12749,18,1847
EQ_0,0,1,9800,18,1845
EQ_5,0,1,12606,18,1829
EQ_10,0,1,11130,18,1828
EQ_15,0,1,12508,18,1844
EQ_20,0,1,10835,18,1830
EQ_25,0,1,9283,18,1826
EQ_30,0,1,10582,18,1839
EQ_35,0,1,9088,18,1858
EQ_40,0,1,10356,18,1846
EQ_45,0,1,10157,18,1835
EQ_50,0,1,10319,18,1829
ISZERO_0,0,1,9826,18,1832
ISZERO_5,0,1,10488,18,1832
ISZERO_10,0,1,15443,18,1827
ISZERO_15,0,1,13487,18,1824
ISZERO_20,0,1,9337,18,1828
ISZERO_25,0,1,10001,18,1845
ISZERO_30,0,1,11058,18,1840
ISZERO_35,0,1,10826,18,1846
ISZERO_40,0,1,9672,18,1838
ISZERO_45,0,1,9483,18,1843
ISZERO_50,0,1,11188,18,1842
AND_0,0,1,10666,18,1845
AND_5,0,1,9387,18,1840
AND_10,0,1,9582,18,1837
AND_15,0,1,10229,18,1835
AND_20,0,1,9369,18,1830
AND_25,0,1,9898,18,1835
AND_30,0,1,10175,18,1832
AND_35,0,1,9877,18,1836
AND_40,0,1,10588,18,1832
AND_45,0,1,11292,18,1847
AND_50,0,1,10583,18,1839
OR_0,0,1,9439,18,1831
OR_5,0,1,8878,18,1856
OR_10,0,1,9948,18,1839
OR_15,0,1,9268,18,1831
OR_20,0,1,11913,18,1845
OR_25,0,1,15161,18,1835
OR_30,0,1,20102,18,1839
OR_35,0,1,10512,18,1838
OR_40,0,1,10655,18,1838
OR_45,0,1,10283,18,1832
OR_50,0,1,10753,18,1843
XOR_0,0,1,9614,18,1829
XOR_5,0,1,9554,18,1843
XOR_10,0,1,10197,18,1829
XOR_15,0,1,10487,18,1848
XOR_20,0,1,9859,18,1830
XOR_25,0,1,10337,18,1837
XOR_30,0,1,9873,18,1851
XOR_35,0,1,9602,18,1859
XOR_40,0,1,10774,18,1834
XOR_45,0,1,10646,18,1831
XOR_50,0,1,9997,18,1843
NOT_0,0,1,9482,18,1828
NOT_5,0,1,9576,18,1840
NOT_10,0,1,10287,18,1830
NOT_15,0,1,9795,18,1831
NOT_20,0,1,9421,18,1842
NOT_25,0,1,8589,18,1834
NOT_30,0,1,9563,18,1838
NOT_35,0,1,9815,18,1849
NOT_40,0,1,10055,18,1845
NOT_45,0,1,10350,18,1846
NOT_50,0,1,10562,18,1834
BYTE_0,0,1,8843,18,1847
BYTE_5,0,1,14760,18,1828
BYTE_10,0,1,9839,18,1827
BYTE_15,0,1,9708,18,1847
BYTE_20,0,1,10074,18,1848
BYTE_25,0,1,17705,18,1837
BYTE_30,0,1,9886,18,1837
BYTE_35,0,1,9932,18,1835
BYTE_40,0,1,9673,18,1829
BYTE_45,0,1,11312,18,1839
BYTE_50,0,1,10396,18,1833
SHL_0,0,1,10788,18,1834
SHL_5,0,1,9526,18,1846
SHL_10,0,1,9303,18,1835
SHL_15,0,1,9989,18,1840
SHL_20,0,1,9125,18,1854
SHL_25,0,1,9556,18,1835
SHL_30,0,1,10279,18,1842
SHL_35,0,1,10520,18,1859
SHL_40,0,1,12325,18,1832
SHL_45,0,1,9646,18,1837
SHL_50,0,1,9350,18,1847
SHR_0,0,1,9491,18,1844
SHR_5,0,1,10099,18,1849
SHR_10,0,1,8616,18,1824
SHR_15,0,1,10843,18,1843
SHR_20,0,1,10316,18,1830
SHR_25,0,1,9676,18,1844
SHR_30,0,1,9890,18,1831
SHR_35,0,1,10485,18,1847
SHR_40,0,1,10738,18,1841
SHR_45,0,1,9524,18,1857
SHR_50,0,1,9513,18,1829
SAR_0,0,1,9886,18,1832
SAR_5,0,1,9019,18,1842
SAR_10,0,1,9840,18,1833
SAR_15,0,1,9378,18,1841
SAR_20,0,1,8883,18,1839
SAR_25,0,1,10087,18,1832
SAR_30,0,1,9850,18,1835
SAR_35,0,1,10699,18,1833
SAR_40,0,1,10644,18,1839
SAR_45,0,1,19545,18,1834
SAR_50,0,1,10311,18,1844
SHA3_0,0,1,44608,28,14347
SHA3_5,0,1,53272,29,14804
SHA3_10,0,1,60030,29,14816
SHA3_15,0,1,64798,29,14793
SHA3_20,0,1,72864,29,14801
SHA3_25,0,1,72559,29,14803
SHA3_30,0,1,82018,29,14815
SHA3_35,0,1,79039,29,14805
SHA3_40,0,1,89591,29,14816
SHA3_45,0,1,89824,29,14781
SHA3_50,0,1,100315,29,14791
ADDRESS_0,0,1,7855,18,1835
ADDRESS_5,0,1,6399,18,1842
ADDRESS_10,0,1,7792,18,1827
ADDRESS_15,0,1,14764,18,1828
ADDRESS_20,0,1,7624,18,1840
ADDRESS_25,0,1,13380,18,1829
ADDRESS_30,0,1,8167,18,1833
ADDRESS_35,0,1,8054,18,1832
ADDRESS_40,0,1,7803,18,1854
ADDRESS_45,0,1,8655,18,1838
ADDRESS_50,0,1,8289,18,1835
ORIGIN_0,0,1,6703,18,1826
ORIGIN_5,0,1,7420,18,1845
ORIGIN_10,0,1,7056,18,1842
ORIGIN_15,0,1,7170,18,1830
ORIGIN_20,0,1,7087,18,1826
ORIGIN_25,0,1,7525,18,1842
ORIGIN_30,0,1,6865,18,1853
ORIGIN_35,0,1,7055,18,1844
ORIGIN_40,0,1,6936,18,1839
ORIGIN_45,0,1,7490,18,1837
ORIGIN_50,0,1,7915,18,1840
CALLER_0,0,1,11594,18,1833
CALLER_5,0,1,7251,18,1831
CALLER_10,0,1,7185,18,1844
CALLER_15,0,1,7494,18,1834
CALLER_20,0,1,7103,18,1821
CALLER_25,0,1,7661,18,1840
CALLER_30,0,1,7454,18,1830
CALLER_35,0,1,7491,18,1835
CALLER_40,0,1,7407,18,1830
CALLER_45,0,1,7384,18,1843
CALLER_50,0,1,8353,18,1843
CALLVALUE_0,0,1,7444,18,1837
CALLVALUE_5,0,1,7166,18,1834
CALLVALUE_10,0,1,7173,18,1827
CALLVALUE_15,0,1,7039,18,1833
CALLVALUE_20,0,1,6806,18,1833
CALLVALUE_25,0,1,6337,18,1855
CALLVALUE_30,0,1,7041,18,1835
CALLVALUE_35,0,1,7093,18,1839
CALLVALUE_40,0,1,6645,18,1826
CALLVALUE_45,0,1,7561,18,1842
CALLVALUE_50,0,1,7078,18,1841
CALLDATALOAD_0,0,1,98665,28,14378
CALLDATALOAD_5,0,1,44540,33,14533
CALLDATALOAD_10,0,1,43131,38,14664
CALLDATALOAD_15,0,1,47587,43,14833
CALLDATALOAD_20,0,1,40229,48,14985
CALLDATALOAD_25,0,1,145056,53,15152
CALLDATALOAD_30,0,1,48681,58,15316
CALLDATALOAD_35,0,1,48536,63,15470
CALLDATALOAD_40,0,1,123581,68,15626
CALLDATALOAD_45,0,1,52409,73,15789
CALLDATALOAD_50,0,1,121724,78,15947
CALLDATASIZE_0,0,1,6176,18,1825
CALLDATASIZE_5,0,1,6168,18,1840
CALLDATASIZE_10,0,1,7046,18,1839
CALLDATASIZE_15,0,1,6969,18,1827
CALLDATASIZE_20,0,1,7615,18,1829
CALLDATASIZE_25,0,1,7947,18,1835
CALLDATASIZE_30,0,1,6827,18,1833
CALLDATASIZE_35,0,1,7494,18,1845
CALLDATASIZE_40,0,1,6901,18,1841
CALLDATASIZE_45,0,1,6865,18,1826
CALLDATASIZE_50,0,1,7190,18,1835
CALLDATACOPY_0,0,1,39248,28,14358
CALLDATACOPY_5,0,1,44381,33,15653
CALLDATACOPY_10,0,1,42267,38,16904
CALLDATACOPY_15,0,1,42919,43,18211
CALLDATACOPY_20,0,1,53256,48,19488
CALLDATACOPY_25,0,1,52426,53,20746
CALLDATACOPY_30,0,1,80054,58,22055
CALLDATACOPY_35,0,1,60342,63,23320
CALLDATACOPY_40,0,1,63274,68,24617
CALLDATACOPY_45,0,1,69833,73,25897
CALLDATACOPY_50,0,1,67438,78,27161
CODESIZE_0,0,1,6823,18,1828
CODESIZE_5,0,1,6859,18,1837
CODESIZE_10,0,1,7197,18,1843
CODESIZE_15,0,1,7387,18,1840
CODESIZE_20,0,1,7716,18,1826
CODESIZE_25,0,1,7149,18,1828
CODESIZE_30,0,1,7747,18,1844
CODESIZE_35,0,1,7511,18,1839
CODESIZE_40,0,1,7381,18,1835
CODESIZE_45,0,1,7959,18,1845
CODESIZE_50,0,1,7487,18,1831
CODECOPY_0,0,1,51676,28,14370
CODECOPY_5,0,1,142530,28,14348
CODECOPY_10,0,1,69151,28,14350
CODECOPY_15,0,1,46050,28,14353
CODECOPY_20,0,1,36542,28,14364
CODECOPY_25,0,1,46268,28,14374
CODECOPY_30,0,1,131583,28,14345
CODECOPY_35,0,1,45841,28,14368
CODECOPY_40,0,1,45064,28,14352
CODECOPY_45,0,1,50699,28,14352
CODECOPY_50,0,1,47107,28,14352
GASPRICE_0,0,1,6794,18,1843
GASPRICE_5,0,1,8434,18,1845
GASPRICE_10,0,1,6690,18,1837
GASPRICE_15,0,1,6201,18,1825
GASPRICE_20,0,1,7307,18,1841
GASPRICE_25,0,1,7660,18,1833
GASPRICE_30,0,1,7038,18,1839
GASPRICE_35,0,1,6692,18,1831
GASPRICE_40,0,1,8241,18,1833
GASPRICE_45,0,1,7642,18,1843
GASPRICE_50,0,1,7144,18,1843
RETURNDATASIZE_0,0,1,6656,18,1830
RETURNDATASIZE_5,0,1,6711,18,1827
RETURNDATASIZE_10,0,1,7108,18,1829
RETURNDATASIZE_15,0,1,7571,18,1837
RETURNDATASIZE_20,0,1,7684,18,1834
RETURNDATASIZE_25,0,1,7388,18,1834
RETURNDATASIZE_30,0,1,6532,18,1850
RETURNDATASIZE_35,0,1,6694,18,1821
RETURNDATASIZE_40,0,1,7659,18,1839
RETURNDATASIZE_45,0,1,7459,18,1843
RETURNDATASIZE_50,0,1,8166,18,1830
RETURNDATACOPY_0,0,1,175333,30,80068
RETURNDATACOPY_5,0,1,140478,30,80068
RETURNDATACOPY_10,0,1,113971,30,80078
RETURNDATACOPY_15,0,1,169861,30,80072
RETURNDATACOPY_20,0,1,213901,30,80082
RETURNDATACOPY_25,0,1,124560,30,80073
RETURNDATACOPY_30,0,1,130985,30,80081
RETURNDATACOPY_35,0,1,124450,30,80079
RETURNDATACOPY_40,0,1,210344,30,80086
RETURNDATACOPY_45,0,1,119277,30,80065
RETURNDATACOPY_50,0,1,133564,30,80101
COINBASE_0,0,1,7878,18,1844
COINBASE_5,0,1,8276,18,1844
COINBASE_10,0,1,7177,18,1831
COINBASE_15,0,1,7488,18,1836
COINBASE_20,0,1,7728,18,1840
COINBASE_25,0,1,103013,18,1815
COINBASE_30,0,1,7604,18,1851
COINBASE_35,0,1,7276,18,1831
COINBASE_40,0,1,7802,18,1834
COINBASE_45,0,1,7255,18,1843
COINBASE_50,0,1,9141,18,1845
TIMESTAMP_0,0,1,7047,18,1853
TIMESTAMP_5,0,1,6947,18,1829
TIMESTAMP_10,0,1,7960,18,1839
TIMESTAMP_15,0,1,7675,18,1827
TIMESTAMP_20,0,1,7676,18,1845
TIMESTAMP_25,0,1,6832,18,1826
TIMESTAMP_30,0,1,7724,18,1830
TIMESTAMP_35,0,1,7207,18,1830
TIMESTAMP_40,0,1,7305,18,1852
TIMESTAMP_45,0,1,7555,18,1825
TIMESTAMP_50,0,1,7746,18,1829
NUMBER_0,0,1,6928,18,1838
NUMBER_5,0,1,7252,18,1831
NUMBER_10,0,1,6128,18,1830
NUMBER_15,0,1,7192,18,1830
NUMBER_20,0,1,6583,18,1839
NUMBER_25,0,1,7007,18,1836
NUMBER_30,0,1,6954,18,1841
NUMBER_35,0,1,7472,18,1839
NUMBER_40,0,1,7006,18,1829
NUMBER_45,0,1,7632,18,1828
NUMBER_50,0,1,7782,18,1829
DIFFICULTY_0,0,1,6774,18,1844
DIFFICULTY_5,0,1,8982,18,1835
DIFFICULTY_10,0,1,6811,18,1837
DIFFICULTY_15,0,1,7879,18,1834
DIFFICULTY_20,0,1,6506,18,1867
DIFFICULTY_25,0,1,10703,18,1833
DIFFICULTY_30,0,1,7824,18,1836
DIFFICULTY_35,0,1,9012,18,1833
DIFFICULTY_40,0,1,8154,18,1836
DIFFICULTY_45,0,1,8144,18,1844
DIFFICULTY_50,0,1,7923,18,1835
GASLIMIT_0,0,1,7835,18,1839
GASLIMIT_5,0,1,6611,18,1829
GASLIMIT_10,0,1,6875,18,1838
GASLIMIT_15,0,1,7135,18,1845
GASLIMIT_20,0,1,6894,18,1830
GASLIMIT_25,0,1,7125,18,1845
GASLIMIT_30,0,1,7338,18,1831
GASLIMIT_35,0,1,6873,18,1832
GASLIMIT_40,0,1,7160,18,1832
GASLIMIT_45,0,1,7633,18,1840
GASLIMIT_50,0,1,6675,18,1834
CHAINID_0,0,1,7097,18,1841
CHAINID_5,0,1,6854,18,1828
CHAINID_10,0,1,5855,18,1824
CHAINID_15,0,1,6846,18,1829
CHAINID_20,0,1,7620,18,1837
CHAINID_25,0,1,7697,18,1845
CHAINID_30,0,1,7336,18,1850
CHAINID_35,0,1,8156,18,1827
CHAINID_40,0,1,7455,18,1826
CHAINID_45,0,1,8544,18,1831
CHAINID_50,0,1,7457,18,1826
SELFBALANCE_0,0,1,5588,18,1821
SELFBALANCE_5,0,1,7433,18,1835
SELFBALANCE_10,0,1,7475,18,1833
SELFBALANCE_15,0,1,7596,18,1840
SELFBALANCE_20,0,1,6793,18,1821
SELFBALANCE_25,0,1,8960,18,1843
SELFBALANCE_30,0,1,8527,18,1843
SELFBALANCE_35,0,1,8511,18,1844
SELFBALANCE_40,0,1,9095,18,1838
SELFBALANCE_45,0,1,8633,18,1845
SELFBALANCE_50,0,1,9341,18,1840
POP_0,0,1,7905,18,1841
POP_5,0,1,8546,18,1838
POP_10,0,1,8026,18,1841
POP_15,0,1,8214,18,1845
POP_20,0,1,7121,18,1818
POP_25,0,1,8335,18,1847
POP_30,0,1,8257,18,1836
POP_35,0,1,8205,18,1832
POP_40,0,1,7937,18,1831
POP_45,0,1,8147,18,1834
POP_50,0,1,7910,18,1834
MLOAD_0,0,1,42372,28,14349
MLOAD_5,0,1,43049,28,14353
MLOAD_10,0,1,41373,28,14349
MLOAD_15,0,1,40051,28,14350
MLOAD_20,0,1,41019,28,14348
MLOAD_25,0,1,46626,28,14374
MLOAD_30,0,1,37160,28,14343
MLOAD_35,0,1,49444,28,14340
MLOAD_40,0,1,39900,28,14359
MLOAD_45,0,1,46735,28,14346
MLOAD_50,0,1,70158,28,14368
MSTORE_0,0,1,45090,28,14376
MSTORE_5,0,1,74022,28,14347
MSTORE_10,0,1,42354,28,14351
MSTORE_15,0,1,43328,28,14373
MSTORE_20,0,1,42268,28,14368
MSTORE_25,0,1,44013,28,14352
MSTORE_30,0,1,45258,28,14364
MSTORE_35,0,1,42180,28,14345
MSTORE_40,0,1,64102,28,14364
MSTORE_45,0,1,44141,28,14349
MSTORE_50,0,1,44525,28,14347
MSTORE8_0,0,1,93133,28,14373
MSTORE8_5,0,1,120473,28,14370
MSTORE8_10,0,1,76607,28,14370
MSTORE8_15,0,1,104960,28,14348
MSTORE8_20,0,1,49328,28,14353
MSTORE8_25,0,1,42264,28,14356
MSTORE8_30,0,1,43485,28,14368
MSTORE8_35,0,1,43769,28,14368
MSTORE8_40,0,1,53812,28,14374
MSTORE8_45,0,1,55816,28,14360
MSTORE8_50,0,1,41587,28,14359
JUMP_0,0,1,6853,18,1838
JUMP_5,0,1,8279,20,2358
JUMP_10,0,1,9652,20,2371
JUMP_15,0,1,8202,20,2382
JUMP_20,0,1,9362,20,2354
JUMP_25,0,1,11974,20,2372
JUMP_30,0,1,9394,20,2371
JUMP_35,0,1,9025,20,2358
JUMP_40,0,1,9510,20,2357
JUMP_45,0,1,9886,20,2357
JUMP_50,0,1,9881,20,2370
JUMPI_0,0,1,9937,18,1833
JUMPI_5,0,1,11536,20,2415
JUMPI_10,0,1,11286,20,2405
JUMPI_15,0,1,12251,20,2411
JUMPI_20,0,1,11677,20,2417
JUMPI_25,0,1,11318,20,2409
JUMPI_30,0,1,12277,20,2423
JUMPI_35,0,1,11917,20,2419
JUMPI_40,0,1,12347,20,2417
JUMPI_45,0,1,12652,20,2426
JUMPI_50,0,1,13595,20,2411
PC_0,0,1,6695,18,1831
PC_5,0,1,6240,18,1840
PC_10,0,1,6881,18,1843
PC_15,0,1,7364,18,1844
PC_20,0,1,7156,18,1843
PC_25,0,1,9409,18,1830
PC_30,0,1,10086,18,1838
PC_35,0,1,8631,18,1843
PC_40,0,1,11019,18,1833
PC_45,0,1,7351,18,1846
PC_50,0,1,7892,18,1834
MSIZE_0,0,1,8219,18,1826
MSIZE_5,0,1,6954,18,1851
MSIZE_10,0,1,6149,18,1826
MSIZE_15,0,1,7161,18,1829
MSIZE_20,0,1,7055,18,1835
MSIZE_25,0,1,7161,18,1827
MSIZE_30,0,1,6801,18,1853
MSIZE_35,0,1,8615,18,1833
MSIZE_40,0,1,10073,18,1832
MSIZE_45,0,1,8301,18,1844
MSIZE_50,0,1,7526,18,1834
GAS_0,0,1,6937,18,1837
GAS_5,0,1,7382,18,1840
GAS_10,0,1,11300,18,1828
GAS_15,0,1,6513,18,1843
GAS_20,0,1,6247,18,1828
GAS_25,0,1,6406,18,1834
GAS_30,0,1,7126,18,1828
GAS_35,0,1,6756,18,1835
GAS_40,0,1,6942,18,1833
GAS_45,0,1,7101,18,1838
GAS_50,0,1,7350,18,1846
JUMPDEST_0,0,1,5194,13,1579
JUMPDEST_5,0,1,5872,18,1837
JUMPDEST_10,0,1,5972,18,1845
JUMPDEST_15,0,1,4680,18,1823
JUMPDEST_20,0,1,5350,18,1842
JUMPDEST_25,0,1,5662,18,1844
JUMPDEST_30,0,1,5402,18,1841
JUMPDEST_35,0,1,5801,18,1844
JUMPDEST_40,0,1,5893,18,1842
JUMPDEST_45,0,1,5850,18,1845
JUMPDEST_50,0,1,5706,18,1854
MCOPY_0,0,1,64394,28,14365
MCOPY_5,0,1,50968,29,14283
MCOPY_10,0,1,50956,29,14283
MCOPY_15,0,1,41907,29,14283
MCOPY_20,0,1,38717,29,14281
MCOPY_25,0,1,40682,29,14284
MCOPY_30,0,1,39185,29,14284
MCOPY_35,0,1,61471,29,14276
MCOPY_40,0,1,44554,29,14283
MCOPY_45,0,1,41816,29,14283
MCOPY_50,0,1,44533,29,14280
PUSH0_0,0,1,6923,18,1845
PUSH0_5,0,1,6865,19,1756
PUSH0_10,0,1,7242,19,1756
PUSH0_15,0,1,6290,19,1756
PUSH0_20,0,1,6381,19,1756
PUSH0_25,0,1,6000,19,1756
PUSH0_30,0,1,5789,19,1755
PUSH0_35,0,1,6407,19,1755
PUSH0_40,0,1,7168,19,1756
PUSH0_45,0,1,11704,19,1756
PUSH0_50,0,1,6717,19,1756
PUSH1_0,0,1,6439,18,1832
PUSH1_5,0,1,6850,18,1826
PUSH1_10,0,1,6608,18,1829
PUSH1_15,0,1,12222,18,1838
PUSH1_20,0,1,7121,18,1828
PUSH1_25,0,1,6769,18,1832
PUSH1_30,0,1,7071,18,1839
PUSH1_35,0,1,7082,18,1835
PUSH1_40,0,1,7435,18,1839
PUSH1_45,0,1,7274,18,1830
PUSH1_50,0,1,8100,18,1843
PUSH2_0,0,1,7227,18,1843
PUSH2_5,0,1,6797,18,1841
PUSH2_10,0,1,7141,18,1843
PUSH2_15,0,1,6977,18,1826
PUSH2_20,0,1,6803,18,1840
PUSH2_25,0,1,7216,18,1830
PUSH2_30,0,1,7430,18,1837
PUSH2_35,0,1,7622,18,1828
PUSH2_40,0,1,7311,18,1835
PUSH2_45,0,1,6699,18,1854
PUSH2_50,0,1,7217,18,1841
PUSH3_0,0,1,6511,18,1835
PUSH3_5,0,1,7838,18,1837
PUSH3_10,0,1,7058,18,1836
PUSH3_15,0,1,6826,18,1832
PUSH3_20,0,1,6731,18,1827
PUSH3_25,0,1,9059,18,1843
PUSH3_30,0,1,7356,18,1846
PUSH3_35,0,1,7329,18,1838
PUSH3_40,0,1,7704,18,1866
PUSH3_45,0,1,6832,18,1829
PUSH3_50,0,1,7674,18,1833
PUSH4_0,0,1,7085,18,1834
PUSH4_5,0,1,8012,18,1831
PUSH4_10,0,1,7722,18,1836
PUSH4_15,0,1,6889,18,1832
PUSH4_20,0,1,7098,18,1846
PUSH4_25,0,1,7671,18,1843
PUSH4_30,0,1,7441,18,1839
PUSH4_35,0,1,6453,18,1852
PUSH4_40,0,1,7856,18,1829
PUSH4_45,0,1,7338,18,1838
PUSH4_50,0,1,8109,18,1864
PUSH5_0,0,1,7049,18,1827
PUSH5_5,0,1,7507,18,1829
PUSH5_10,0,1,11189,18,1834
PUSH5_15,0,1,7141,18,1829
PUSH5_20,0,1,7587,18,1840
PUSH5_25,0,1,6921,18,1862
PUSH5_30,0,1,6850,18,1854
PUSH5_35,0,1,8303,18,1833
PUSH5_40,0,1,9037,18,1827
PUSH5_45,0,1,8561,18,1837
PUSH5_50,0,1,8348,18,1833
PUSH6_0,0,1,7150,18,1845
PUSH6_5,0,1,8148,18,1837
PUSH6_10,0,1,7378,18,1834
PUSH6_15,0,1,10272,18,1829
PUSH6_20,0,1,7834,18,1831
PUSH6_25,0,1,8119,18,1838
PUSH6_30,0,1,6860,18,1828
PUSH6_35,0,1,7021,18,1830
PUSH6_40,0,1,8485,18,1844
PUSH6_45,0,1,10063,18,1835
PUSH6_50,0,1,8090,18,1827
PUSH7_0,0,1,7580,18,1844
PUSH7_5,0,1,8610,18,1824
PUSH7_10,0,1,10593,18,1834
PUSH7_15,0,1,8927,18,1826
PUSH7_20,0,1,8007,18,1846
PUSH7_25,0,1,8235,18,1844
PUSH7_30,0,1,13027,18,1846
PUSH7_35,0,1,7697,18,1846
PUSH7_40,0,1,7675,18,1841
PUSH7_45,0,1,8453,18,1839
PUSH7_50,0,1,7329,18,1821
PUSH8_0,0,1,7236,18,1841
PUSH8_5,0,1,7116,18,1831
PUSH8_10,0,1,14232,18,1830
PUSH8_15,0,1,8816,18,1831
PUSH8_20,0,1,7953,18,1826
PUSH8_25,0,1,9711,18,1841
PUSH8_30,0,1,8054,18,1834
PUSH8_35,0,1,8405,18,1834
PUSH8_40,0,1,7677,18,1832
PUSH8_45,0,1,6638,18,1830
PUSH8_50,0,1,7511,18,1825
PUSH9_0,0,1,5643,18,1823
PUSH9_5,0,1,6801,18,1848
PUSH9_10,0,1,7098,18,1843
PUSH9_15,0,1,7610,18,1841
PUSH9_20,0,1,7038,18,1836
PUSH9_25,0,1,7660,18,1842
PUSH9_30,0,1,7623,18,1834
PUSH9_35,0,1,7276,18,1839
PUSH9_40,0,1,7747,18,1840
PUSH9_45,0,1,8093,18,1839
PUSH9_50,0,1,7912,18,1837
PUSH10_0,0,1,6976,18,1835
PUSH10_5,0,1,7957,18,1845
PUSH10_10,0,1,8484,18,1837
PUSH10_15,0,1,6889,18,1852
PUSH10_20,0,1,8315,18,1846
PUSH10_25,0,1,7657,18,1839
PUSH10_30,0,1,7195,18,1830
PUSH10_35,0,1,8105,18,1851
PUSH10_40,0,1,18652,18,1836
PUSH10_45,0,1,8919,18,1861
PUSH10_50,0,1,8240,18,1826
PUSH11_0,0,1,7135,18,1844
PUSH11_5,0,1,7291,18,1826
PUSH11_10,0,1,6585,18,1829
PUSH11_15,0,1,6205,18,1852
PUSH11_20,0,1,6910,18,1829
PUSH11_25,0,1,7429,18,1834
PUSH11_30,0,1,9757,18,1829
PUSH11_35,0,1,6688,18,1815
PUSH11_40,0,1,7346,18,1825
PUSH11_45,0,1,10019,18,1841
PUSH11_50,0,1,7124,18,1839
PUSH12_0,0,1,5879,18,1827
PUSH12_5,0,1,7334,18,1832
PUSH12_10,0,1,7364,18,1841
PUSH12_15,0,1,6752,18,1830
PUSH12_20,0,1,6937,18,1828
PUSH12_25,0,1,7966,18,1832
PUSH12_30,0,1,7096,18,1831
PUSH12_35,0,1,8214,18,1838
PUSH12_40,0,1,7326,18,1836
PUSH12_45,0,1,7886,18,1835
PUSH12_50,0,1,7731,18,1827
PUSH13_0,0,1,7003,18,1844
PUSH13_5,0,1,6929,18,1829
PUSH13_10,0,1,6912,18,1826
PUSH13_15,0,1,7229,18,1838
PUSH13_20,0,1,7503,18,1845
PUSH13_25,0,1,7708,18,1838
PUSH13_30,0,1,7151,18,1820
PUSH13_35,0,1,7463,18,1829
PUSH13_40,0,1,7660,18,1834
PUSH13_45,0,1,7027,18,1827
PUSH13_50,0,1,7734,18,1864
PUSH14_0,0,1,6095,18,1824
PUSH14_5,0,1,7103,18,1835
PUSH14_10,0,1,6814,18,1832
PUSH14_15,0,1,6637,18,1832
PUSH14_20,0,1,6644,18,1822
PUSH14_25,0,1,7062,18,1839
PUSH14_30,0,1,7822,18,1845
PUSH14_35,0,1,6840,18,1838
PUSH14_40,0,1,7745,18,1826
PUSH14_45,0,1,8061,18,1827
PUSH14_50,0,1,7980,18,1828
PUSH15_0,0,1,6625,18,1842
PUSH15_5,0,1,7093,18,1831
PUSH15_10,0,1,6691,18,1845
PUSH15_15,0,1,7182,18,1827
PUSH15_20,0,1,7382,18,1843
PUSH15_25,0,1,11350,18,1829
PUSH15_30,0,1,7513,18,1857
PUSH15_35,0,1,7225,18,1840
PUSH15_40,0,1,7245,18,1852
PUSH15_45,0,1,7771,18,1850
PUSH15_50,0,1,7071,18,1824
PUSH16_0,0,1,6855,18,1832
PUSH16_5,0,1,6759,18,1826
PUSH16_10,0,1,6471,18,1850
PUSH16_15,0,1,7491,18,1826
PUSH16_20,0,1,7190,18,1836
PUSH16_25,0,1,7394,18,1834
PUSH16_30,0,1,6085,18,1841
PUSH16_35,0,1,7406,18,1827
PUSH16_40,0,1,7217,18,1845
PUSH16_45,0,1,7882,18,1830
PUSH16_50,0,1,8100,18,1837
PUSH17_0,0,1,6579,18,1834
PUSH17_5,0,1,7730,18,1833
PUSH17_10,0,1,7808,18,1839
PUSH17_15,0,1,9280,18,1828
PUSH17_20,0,1,7424,18,1834
PUSH17_25,0,1,6487,18,1856
PUSH17_30,0,1,7409,18,1824
PUSH17_35,0,1,7703,18,1834
PUSH17_40,0,1,7814,18,1828
PUSH17_45,0,1,8137,18,1825
PUSH17_50,0,1,8019,18,1827
PUSH18_0,0,1,6614,18,1830
PUSH18_5,0,1,7490,18,1841
PUSH18_10,0,1,7102,18,1846
PUSH18_15,0,1,7624,18,1831
PUSH18_20,0,1,6865,18,1836
PUSH18_25,0,1,8213,18,1829
PUSH18_30,0,1,6671,18,1823
PUSH18_35,0,1,7989,18,1844
PUSH18_40,0,1,7836,18,1838
PUSH18_45,0,1,7741,18,1825
PUSH18_50,0,1,8259,18,1840
PUSH19_0,0,1,6626,18,1828
PUSH19_5,0,1,6784,18,1847
PUSH19_10,0,1,7096,18,1826
PUSH19_15,0,1,7357,18,1847
PUSH19_20,0,1,7453,18,1835
PUSH19_25,0,1,8586,18,1828
PUSH19_30,0,1,7896,18,1822
PUSH19_35,0,1,8676,18,1838
PUSH19_40,0,1,8069,18,1835
PUSH19_45,0,1,7670,18,1828
PUSH19_50,0,1,6937,18,1829
PUSH20_0,0,1,7497,18,1838
PUSH20_5,0,1,6642,18,1837
PUSH20_10,0,1,6667,18,1830
PUSH20_15,0,1,6710,18,1826
PUSH20_20,0,1,7269,18,1840
PUSH20_25,0,1,7389,18,1828
PUSH20_30,0,1,7077,18,1846
PUSH20_35,0,1,7945,18,1831
PUSH20_40,0,1,7187,18,1841
PUSH20_45,0,1,6884,18,1839
PUSH20_50,0,1,7268,18,1841
PUSH21_0,0,1,6659,18,1830
PUSH21_5,0,1,6676,18,1841
PUSH21_10,0,1,6756,18,1830
PUSH21_15,0,1,6932,18,1842
PUSH21_20,0,1,7433,18,1840
PUSH21_25,0,1,7497,18,1826
PUSH21_30,0,1,7810,18,1838
PUSH21_35,0,1,7556,18,1836
PUSH21_40,0,1,8189,18,1839
PUSH21_45,0,1,8068,18,1843
PUSH21_50,0,1,6817,18,1820
PUSH22_0,0,1,6797,18,1833
PUSH22_5,0,1,6946,18,1826
PUSH22_10,0,1,6789,18,1826
PUSH22_15,0,1,7251,18,1838
PUSH22_20,0,1,6904,18,1830
PUSH22_25,0,1,7210,18,1829
PUSH22_30,0,1,7864,18,1840
PUSH22_35,0,1,6807,18,1845
PUSH22_40,0,1,7786,18,1835
PUSH22_45,0,1,6985,18,1839
PUSH22_50,0,1,7978,18,1829
PUSH23_0,0,1,6983,18,1830
PUSH23_5,0,1,6853,18,1837
PUSH23_10,0,1,7007,18,1851
PUSH23_15,0,1,12724,18,1840
PUSH23_20,0,1,8662,18,1833
PUSH23_25,0,1,7407,18,1828
PUSH23_30,0,1,7563,18,1831
PUSH23_35,0,1,7981,18,1838
PUSH23_40,0,1,8482,18,1841
PUSH23_45,0,1,7923,18,1838
PUSH23_50,0,1,7854,18,1835
PUSH24_0,0,1,6863,18,1844
PUSH24_5,0,1,7482,18,1832
PUSH24_10,0,1,6974,18,1838
PUSH24_15,0,1,7135,18,1830
PUSH24_20,0,1,7786,18,1841
PUSH24_25,0,1,6908,18,1846
PUSH24_30,0,1,7202,18,1827
PUSH24_35,0,1,7369,18,1844
PUSH24_40,0,1,12292,18,1834
PUSH24_45,0,1,7210,18,1838
PUSH24_50,0,1,7934,18,1851
PUSH25_0,0,1,6229,18,1830
PUSH25_5,0,1,6665,18,1834
PUSH25_10,0,1,6667,18,1840
PUSH25_15,0,1,11144,18,1846
PUSH25_20,0,1,7161,18,1833
PUSH25_25,0,1,7307,18,1827
PUSH25_30,0,1,7123,18,1840
PUSH25_35,0,1,7657,18,1845
PUSH25_40,0,1,7545,18,1839
PUSH25_45,0,1,8209,18,1844
PUSH25_50,0,1,7983,18,1842
PUSH26_0,0,1,6718,18,1843
PUSH26_5,0,1,7482,18,1839
PUSH26_10,0,1,6223,18,1828
PUSH26_15,0,1,6749,18,1833
PUSH26_20,0,1,6983,18,1827
PUSH26_25,0,1,7773,18,1837
PUSH26_30,0,1,7614,18,1846
PUSH26_35,0,1,7572,18,1831
PUSH26_40,0,1,7973,18,1828
PUSH26_45,0,1,7804,18,1840
PUSH26_50,0,1,7551,18,1835
PUSH27_0,0,1,6486,18,1837
PUSH27_5,0,1,6183,18,1828
PUSH27_10,0,1,7122,18,1831
PUSH27_15,0,1,7463,18,1846
PUSH27_20,0,1,7248,18,1832
PUSH27_25,0,1,7349,18,1837
PUSH27_30,0,1,7155,18,1826
PUSH27_35,0,1,7117,18,1835
PUSH27_40,0,1,7500,18,1826
PUSH27_45,0,1,6534,18,1851
PUSH27_50,0,1,7703,18,1831
PUSH28_0,0,1,6824,18,1828
PUSH28_5,0,1,8441,18,1831
PUSH28_10,0,1,6823,18,1841
PUSH28_15,0,1,7019,18,1835
PUSH28_20,0,1,7708,18,1838
PUSH28_25,0,1,7685,18,1827
PUSH28_30,0,1,8132,18,1832
PUSH28_35,0,1,8010,18,1840
PUSH28_40,0,1,8821,18,1846
PUSH28_45,0,1,7842,18,1839
PUSH28_50,0,1,6738,18,1824
PUSH29_0,0,1,6565,18,1846
PUSH29_5,0,1,6015,18,1843
PUSH29_10,0,1,6650,18,1851
PUSH29_15,0,1,12051,18,1845
PUSH29_20,0,1,6727,18,1848
PUSH29_25,0,1,6922,18,1847
PUSH29_30,0,1,6945,18,1849
PUSH29_35,0,1,7137,18,1837
PUSH29_40,0,1,8000,18,1828
PUSH29_45,0,1,7350,18,1829
PUSH29_50,0,1,7949,18,1846
PUSH30_0,0,1,6846,18,1843
PUSH30_5,0,1,6784,18,1828
PUSH30_10,0,1,7064,18,1834
PUSH30_15,0,1,6954,18,1834
PUSH30_20,0,1,7338,18,1841
PUSH30_25,0,1,7149,18,1839
PUSH30_30,0,1,7016,18,1838
PUSH30_35,0,1,8736,18,1846
PUSH30_40,0,1,14035,18,1834
PUSH30_45,0,1,8841,18,1829
PUSH30_50,0,1,8756,18,1836
PUSH31_0,0,1,6559,18,1853
PUSH31_5,0,1,7264,18,1836
PUSH31_10,0,1,7744,18,1836
PUSH31_15,0,1,7782,18,1841
PUSH31_20,0,1,7600,18,1840
PUSH31_25,0,1,6912,18,1838
PUSH31_30,0,1,7629,18,1829
PUSH31_35,0,1,7123,18,1837
PUSH31_40,0,1,7250,18,1856
PUSH31_45,0,1,8061,18,1840
PUSH31_50,0,1,7332,18,1840
PUSH32_0,0,1,6585,18,1838
PUSH32_5,0,1,10230,18,1835
PUSH32_10,0,1,6994,18,1837
PUSH32_15,0,1,8197,18,1827
PUSH32_20,0,1,7599,18,1840
PUSH32_25,0,1,6901,18,1834
PUSH32_30,0,1,7173,18,1830
PUSH32_35,0,1,6997,18,1835
PUSH32_40,0,1,7555,18,1834
PUSH32_45,0,1,7862,18,1839
PUSH32_50,0,1,8140,18,1845
DUP1_0,0,1,8596,18,1826
DUP1_5,0,1,9429,18,1829
DUP1_10,0,1,9399,18,1832
DUP1_15,0,1,11835,18,1832
DUP1_20,0,1,14181,18,1844
DUP1_25,0,1,11117,18,1842
DUP1_30,0,1,9267,18,1836
DUP1_35,0,1,9301,18,1833
DUP1_40,0,1,9697,18,1846
DUP1_45,0,1,10140,18,1837
DUP1_50,0,1,8993,18,1858
DUP2_0,0,1,9514,18,1842
DUP2_5,0,1,9232,18,1842
DUP2_10,0,1,9196,18,1837
DUP2_15,0,1,10406,18,1834
DUP2_20,0,1,9715,18,1838
DUP2_25,0,1,9875,18,1837
DUP2_30,0,1,10065,18,1857
DUP2_35,0,1,9945,18,1838
DUP2_40,0,1,9666,18,1844
DUP2_45,0,1,10111,18,1844
DUP2_50,0,1,9574,18,1838
DUP3_0,0,1,9017,18,1838
DUP3_5,0,1,9708,18,1830
DUP3_10,0,1,9194,18,1839
DUP3_15,0,1,10098,18,1841
DUP3_20,0,1,10014,18,1839
DUP3_25,0,1,9900,18,1832
DUP3_30,0,1,9375,18,1831
DUP3_35,0,1,9631,18,1838
DUP3_40,0,1,9578,18,1833
DUP3_45,0,1,9487,18,1844
DUP3_50,0,1,10158,18,1842
DUP4_0,0,1,9522,18,1840
DUP4_5,0,1,9091,18,1844
DUP4_10,0,1,9115,18,1836
DUP4_15,0,1,10166,18,1847
DUP4_20,0,1,9414,18,1845
DUP4_25,0,1,10087,18,1829
DUP4_30,0,1,10343,18,1836
DUP4_35,0,1,9431,18,1832
DUP4_40,0,1,10307,18,1847
DUP4_45,0,1,10003,18,1843
DUP4_50,0,1,9697,18,1825
DUP5_0,0,1,9959,18,1838
DUP5_5,0,1,9768,18,1842
DUP5_10,0,1,9177,18,1845
DUP5_15,0,1,9007,18,1833
DUP5_20,0,1,9762,18,1822
DUP5_25,0,1,9458,18,1821
DUP5_30,0,1,10167,18,1831
DUP5_35,0,1,9559,18,1829
DUP5_40,0,1,9237,18,1836
DUP5_45,0,1,10163,18,1830
DUP5_50,0,1,9768,18,1829
DUP6_0,0,1,9353,18,1837
DUP6_5,0,1,10227,18,1839
DUP6_10,0,1,9063,18,1834
DUP6_15,0,1,8372,18,1820
DUP6_20,0,1,8737,18,1847
DUP6_25,0,1,10498,18,1838
DUP6_30,0,1,9381,18,1837
DUP6_35,0,1,11348,18,1846
DUP6_40,0,1,10888,18,1836
DUP6_45,0,1,10106,18,1829
DUP6_50,0,1,10143,18,1826
DUP7_0,0,1,10006,18,1846
DUP7_5,0,1,9368,18,1827
DUP7_10,0,1,9451,18,1834
DUP7_15,0,1,9855,18,1833
DUP7_20,0,1,10818,18,1834
DUP7_25,0,1,10315,18,1830
DUP7_30,0,1,9752,18,1847
DUP7_35,0,1,9792,18,1847
DUP7_40,0,1,9500,18,1839
DUP7_45,0,1,10361,18,1831
DUP7_50,0,1,10115,18,1846
DUP8_0,0,1,13554,18,1846
DUP8_5,0,1,11216,18,1833
DUP8_10,0,1,10520,18,1833
DUP8_15,0,1,9705,18,1862
DUP8_20,0,1,19690,18,1834
DUP8_25,0,1,9873,18,1836
DUP8_30,0,1,10569,18,1830
DUP8_35,0,1,9935,18,1822
DUP8_40,0,1,9782,18,1840
DUP8_45,0,1,9952,18,1830
DUP8_50,0,1,10759,18,1840
DUP9_0,0,1,8960,18,1830
DUP9_5,0,1,9591,18,1835
DUP9_10,0,1,9791,18,1842
DUP9_15,0,1,9514,18,1854
DUP9_20,0,1,9766,18,1842
DUP9_25,0,1,10006,18,1831
DUP9_30,0,1,9711,18,1848
DUP9_35,0,1,9679,18,1835
DUP9_40,0,1,10239,18,1843
DUP9_45,0,1,9978,18,1842
DUP9_50,0,1,10252,18,1841
DUP10_0,0,1,9633,18,1830
DUP10_5,0,1,9892,18,1847
DUP10_10,0,1,8690,18,1835
DUP10_15,0,1,10070,18,1846
DUP10_20,0,1,9277,18,1832
DUP10_25,0,1,9927,18,1839
DUP10_30,0,1,9992,18,1844
DUP10_35,0,1,9837,18,1829
DUP10_40,0,1,9716,18,1829
DUP10_45,0,1,10257,18,1843
DUP10_50,0,1,9725,18,1848
DUP11_0,0,1,9108,18,1840
DUP11_5,0,1,9326,18,1838
DUP11_10,0,1,9783,18,1840
DUP11_15,0,1,10079,18,1849
DUP11_20,0,1,9839,18,1829
DUP11_25,0,1,9354,18,1845
DUP11_30,0,1,9877,18,1848
DUP11_35,0,1,9209,18,1844
DUP11_40,0,1,9116,18,1833
DUP11_45,0,1,9831,18,1838
DUP11_50,0,1,9889,18,1832
DUP12_0,0,1,15934,18,1837
DUP12_5,0,1,8498,18,1823
DUP12_10,0,1,9795,18,1833
DUP12_15,0,1,10077,18,1834
DUP12_20,0,1,9308,18,1847
DUP12_25,0,1,9571,18,1827
DUP12_30,0,1,9246,18,1828
DUP12_35,0,1,9989,18,1840
DUP12_40,0,1,9866,18,1839
DUP12_45,0,1,9563,18,1839
DUP12_50,0,1,10720,18,1832
DUP13_0,0,1,10246,18,1836
DUP13_5,0,1,9368,18,1832
DUP13_10,0,1,8891,18,1830
DUP13_15,0,1,9725,18,1837
DUP13_20,0,1,14252,18,1831
DUP13_25,0,1,8565,18,1854
DUP13_30,0,1,8930,18,1830
DUP13_35,0,1,9499,18,1830
DUP13_40,0,1,10075,18,1832
DUP13_45,0,1,9899,18,1835
DUP13_50,0,1,10524,18,1844
DUP14_0,0,1,9419,18,1832
DUP14_5,0,1,8590,18,1830
DUP14_10,0,1,9475,18,1838
DUP14_15,0,1,8950,18,1834
DUP14_20,0,1,10054,18,1833
DUP14_25,0,1,9127,18,1833
DUP14_30,0,1,9511,18,1840
DUP14_35,0,1,10083,18,1845
DUP14_40,0,1,9926,18,1831
DUP14_45,0,1,9606,18,1838
DUP14_50,0,1,9733,18,1827
DUP15_0,0,1,9449,18,1841
DUP15_5,0,1,10023,18,1833
DUP15_10,0,1,15889,18,1842
DUP15_15,0,1,9448,18,1838
DUP15_20,0,1,9401,18,1836
DUP15_25,0,1,10065,18,1835
DUP15_30,0,1,10071,18,1847
DUP15_35,0,1,9746,18,1846
DUP15_40,0,1,10501,18,1839
DUP15_45,0,1,9456,18,1828
DUP15_50,0,1,10041,18,1837
DUP16_0,0,1,10363,18,1839
DUP16_5,0,1,10275,18,1838
DUP16_10,0,1,8772,18,1850
DUP16_15,0,1,9662,18,1839
DUP16_20,0,1,9492,18,1854
DUP16_25,0,1,9711,18,1837
DUP16_30,0,1,9443,18,1835
DUP16_35,0,1,9701,18,1845
DUP16_40,0,1,10203,18,1837
DUP16_45,0,1,9851,18,1841
DUP16_50,0,1,9405,18,1840
SWAP1_0,0,1,7883,18,1831
SWAP1_5,0,1,8655,18,1835
SWAP1_10,0,1,7100,18,1860
SWAP1_15,0,1,7555,18,1845
SWAP1_20,0,1,9074,18,1844
SWAP1_25,0,1,7986,18,1832
SWAP1_30,0,1,8175,18,1840
SWAP1_35,0,1,8957,18,1840
SWAP1_40,0,1,8335,18,1829
SWAP1_45,0,1,8395,18,1831
SWAP1_50,0,1,7789,18,1836
SWAP2_0,0,1,7739,18,1838
SWAP2_5,0,1,7893,18,1833
SWAP2_10,0,1,11040,18,1835
SWAP2_15,0,1,8039,18,1837
SWAP2_20,0,1,8490,18,1830
SWAP2_25,0,1,8282,18,1831
SWAP2_30,0,1,8201,18,1838
SWAP2_35,0,1,8814,18,1830
SWAP2_40,0,1,8425,18,1846
SWAP2_45,0,1,8831,18,1841
SWAP2_50,0,1,8586,18,1835
SWAP3_0,0,1,8035,18,1838
SWAP3_5,0,1,7511,18,1829
SWAP3_10,0,1,8912,18,1841
SWAP3_15,0,1,8462,18,1833
SWAP3_20,0,1,8576,18,1842
SWAP3_25,0,1,9661,18,1832
SWAP3_30,0,1,8445,18,1848
SWAP3_35,0,1,8854,18,1827
SWAP3_40,0,1,7785,18,1848
SWAP3_45,0,1,13909,18,1846
SWAP3_50,0,1,8164,18,1827
SWAP4_0,0,1,8369,18,1835
SWAP4_5,0,1,9646,18,1833
SWAP4_10,0,1,7688,18,1832
SWAP4_15,0,1,8762,18,1835
SWAP4_20,0,1,8874,18,1834
SWAP4_25,0,1,8206,18,1832
SWAP4_30,0,1,15780,18,1844
SWAP4_35,0,1,9116,18,1831
SWAP4_40,0,1,8543,18,1846
SWAP4_45,0,1,8485,18,1820
SWAP4_50,0,1,10450,18,1847
SWAP5_0,0,1,9049,18,1833
SWAP5_5,0,1,8828,18,1827
SWAP5_10,0,1,8709,18,1850
SWAP5_15,0,1,9254,18,1845
SWAP5_20,0,1,9599,18,1847
SWAP5_25,0,1,7771,18,1835
SWAP5_30,0,1,8800,18,1838
SWAP5_35,0,1,8929,18,1836
SWAP5_40,0,1,9585,18,1839
SWAP5_45,0,1,9338,18,1845
SWAP5_50,0,1,9259,18,1830
SWAP6_0,0,1,8842,18,1844
SWAP6_5,0,1,8067,18,1843
SWAP6_10,0,1,9801,18,1833
SWAP6_15,0,1,8442,18,1842
SWAP6_20,0,1,7326,18,1821
SWAP6_25,0,1,8338,18,1833
SWAP6_30,0,1,7985,18,1833
SWAP6_35,0,1,8261,18,1841
SWAP6_40,0,1,8675,18,1828
SWAP6_45,0,1,8004,18,1844
SWAP6_50,0,1,8529,18,1831
SWAP7_0,0,1,8007,18,1839
SWAP7_5,0,1,7784,18,1846
SWAP7_10,0,1,8346,18,1839
SWAP7_15,0,1,8490,18,1843
SWAP7_20,0,1,8119,18,1839
SWAP7_25,0,1,8647,18,1848
SWAP7_30,0,1,8862,18,1845
SWAP7_35,0,1,8166,18,1836
SWAP7_40,0,1,8571,18,1839
SWAP7_45,0,1,8805,18,1847
SWAP7_50,0,1,8889,18,1835
SWAP8_0,0,1,8093,18,1841
SWAP8_5,0,1,7919,18,1840
SWAP8_10,0,1,7977,18,1845
SWAP8_15,0,1,9134,18,1839
SWAP8_20,0,1,8569,18,1840
SWAP8_25,0,1,8256,18,1848
SWAP8_30,0,1,8371,18,1840
SWAP8_35,0,1,8718,18,1831
SWAP8_40,0,1,8735,18,1828
SWAP8_45,0,1,8729,18,1829
SWAP8_50,0,1,8650,18,1848
SWAP9_0,0,1,7743,18,1842
SWAP9_5,0,1,8946,18,1827
SWAP9_10,0,1,7523,18,1828
SWAP9_15,0,1,9139,18,1833
SWAP9_20,0,1,9039,18,1833
SWAP9_25,0,1,8286,18,1848
SWAP9_30,0,1,7759,18,1829
SWAP9_35,0,1,8221,18,1836
SWAP9_40,0,1,8691,18,1845
SWAP9_45,0,1,8733,18,1832
SWAP9_50,0,1,7810,18,1823
SWAP10_0,0,1,8132,18,1830
SWAP10_5,0,1,8455,18,1847
SWAP10_10,0,1,8751,18,1828
SWAP10_15,0,1,8502,18,1829
SWAP10_20,0,1,8297,18,1832
SWAP10_25,0,1,8441,18,1834
SWAP10_30,0,1,8435,18,1842
SWAP10_35,0,1,8201,18,1846
SWAP10_40,0,1,8833,18,1831
SWAP10_45,0,1,8138,18,1844
SWAP10_50,0,1,9035,18,1837
SWAP11_0,0,1,7989,18,1835
SWAP11_5,0,1,11565,18,1833
SWAP11_10,0,1,7669,18,1835
SWAP11_15,0,1,8413,18,1835
SWAP11_20,0,1,7844,18,1845
SWAP11_25,0,1,8493,18,1832
SWAP11_30,0,1,8645,18,1841
SWAP11_35,0,1,8446,18,1834
SWAP11_40,0,1,8735,18,1848
SWAP11_45,0,1,8408,18,1834
SWAP11_50,0,1,8827,18,1845
SWAP12_0,0,1,9056,18,1848
SWAP12_5,0,1,12730,18,1829
SWAP12_10,0,1,11170,18,1827
SWAP12_15,0,1,9245,18,1829
SWAP12_20,0,1,8662,18,1848
SWAP12_25,0,1,8968,18,1839
SWAP12_30,0,1,7519,18,1830
SWAP12_35,0,1,8595,18,1847
SWAP12_40,0,1,8486,18,1862
SWAP12_45,0,1,8551,18,1849
SWAP12_50,0,1,7922,18,1841
SWAP13_0,0,1,7976,18,1834
SWAP13_5,0,1,7780,18,1848
SWAP13_10,0,1,8239,18,1840
SWAP13_15,0,1,8205,18,1846
SWAP13_20,0,1,9159,18,1837
SWAP13_25,0,1,8293,18,1835
SWAP13_30,0,1,8413,18,1843
SWAP13_35,0,1,8419,18,1838
SWAP13_40,0,1,8103,18,1846
SWAP13_45,0,1,8596,18,1829
SWAP13_50,0,1,9238,18,1838
SWAP14_0,0,1,8018,18,1832
SWAP14_5,0,1,7952,18,1832
SWAP14_10,0,1,7863,18,1829
SWAP14_15,0,1,8219,18,1840
SWAP14_20,0,1,8323,18,1842
SWAP14_25,0,1,8111,18,1831
SWAP14_30,0,1,8441,18,1828
SWAP14_35,0,1,13129,18,1834
SWAP14_40,0,1,8051,18,1828
SWAP14_45,0,1,7870,18,1840
SWAP14_50,0,1,20905,18,1836
SWAP15_0,0,1,7565,18,1827
SWAP15_5,0,1,8459,18,1843
SWAP15_10,0,1,8936,18,1840
SWAP15_15,0,1,8469,18,1844
SWAP15_20,0,1,11236,18,1847
SWAP15_25,0,1,8726,18,1837
SWAP15_30,0,1,8371,18,1834
SWAP15_35,0,1,8702,18,1828
SWAP15_40,0,1,8563,18,1836
SWAP15_45,0,1,9056,18,1848
SWAP15_50,0,1,8585,18,1843
SWAP16_0,0,1,8277,18,1839
SWAP16_5,0,1,14361,18,1839
SWAP16_10,0,1,8244,18,1828
SWAP16_15,0,1,7664,18,1828
SWAP16_20,0,1,8201,18,1833
SWAP16_25,0,1,8515,18,1837
SWAP16_30,0,1,9129,18,1847
SWAP16_35,0,1,8702,18,1843
SWAP16_40,0,1,9219,18,1843
SWAP16_45,0,1,8432,18,1831
SWAP16_50,0,1,8785,18,1840
LOG0_0,0,1,41849,28,14377
LOG0_5,0,1,25862,43,17277
LOG0_10,0,1,32283,58,20332
LOG0_15,0,1,36691,73,23340
LOG0_20,0,1,71351,88,26400
LOG0_25,0,1,56835,103,29699
LOG0_30,0,1,51056,118,32267
LOG0_35,0,1,95779,133,34600
LOG0_40,0,1,119228,148,38540
LOG0_45,0,1,65432,163,41354
LOG0_50,0,1,88935,178,43888
LOG1_0,0,1,41136,28,14361
LOG1_5,0,1,108073,48,17460
LOG1_10,0,1,33975,68,20549
LOG1_15,0,1,38080,88,23468
LOG1_20,0,1,40073,108,27128
LOG1_25,0,1,41495,128,30457
LOG1_30,0,1,53370,148,33575
LOG1_35,0,1,50700,168,35979
LOG1_40,0,1,79301,188,40265
LOG1_45,0,1,72784,208,42041
LOG1_50,0,1,72605,228,45637
LOG2_0,0,1,118465,28,14348
LOG2_5,0,1,27300,48,17602
LOG2_10,0,1,35495,68,21041
LOG2_15,0,1,40453,88,23990
LOG2_20,0,1,43111,108,27726
LOG2_25,0,1,44458,128,30523
LOG2_30,0,1,45982,148,34714
LOG2_35,0,1,54927,168,37788
LOG2_40,0,1,80598,188,41317
LOG2_45,0,1,134057,208,44337
LOG2_50,0,1,249129,216,39090
LOG3_0,0,1,58392,28,14355
LOG3_5,0,1,28857,48,17801
LOG3_10,0,1,32203,68,21200
LOG3_15,0,1,38100,88,24676
LOG3_20,0,1,42504,108,28351
LOG3_25,0,1,49761,128,31664
LOG3_30,0,1,43824,148,35545
LOG3_35,0,1,54723,168,37396
LOG3_40,0,1,302171,180,35487
LOG3_45,0,1,221288,180,35488
LOG3_50,0,1,160483,180,35479
LOG4_0,0,1,51595,28,14357
LOG4_5,0,1,42001,48,17981
LOG4_10,0,1,130253,68,21591
LOG4_15,0,1,45871,88,25237
LOG4_20,0,1,48953,108,28523
LOG4_25,0,1,44307,128,32487
LOG4_30,0,1,77914,148,36552
LOG4_35,0,1,81857,155,32571
LOG4_40,0,1,81618,155,32570
LOG4_45,0,1,80689,155,32563
LOG4_50,0,1,89525,155,32566
RETURN_0,0,1,8167,18,1846
RETURN_5,0,1,8854,19,2353
RETURN_10,0,1,7376,19,2339
RETURN_15,0,1,8697,19,2354
RETURN_20,0,1,9499,19,2353
RETURN_25,0,1,8471,19,2343
RETURN_30,0,1,13832,19,2358
RETURN_35,0,1,9150,19,2358
RETURN_40,0,1,8855,19,2344
RETURN_45,0,1,8347,19,2348
RETURN_50,0,1,9480,19,2351
REVERT_0,0,1,7727,18,1847
REVERT_5,0,1,103953,19,2265
REVERT_10,0,1,9667,19,2263
REVERT_15,0,1,15006,19,2262
REVERT_20,0,1,9315,19,2263
REVERT_25,0,1,11976,19,2263
REVERT_30,0,1,9532,19,2263
REVERT_35,0,1,10643,19,2263
REVERT_40,0,1,9648,19,2263
REVERT_45,0,1,9376,19,2262
REVERT_50,0,1,8882,19,2263
